minimPerim   maximPerim   deviatiePerim    mediePerim   minimArie   maximArie   deviatieArie    medieArie  tip 
2.000000     5532.252197     1587.444439     512.478581    0.500000     461327.000000     132619.903024     41946.045455    a
7.656854     6123.011644     2011.980061     800.372144    3.000000     457745.000000     151356.441713     57293.625000    a
2.000000     5557.659272     1473.877503     453.366686    5.500000     459360.000000     122385.821760     35403.307692    a
7.656854     4634.868300     1724.120242     779.639810    3.000000     466895.500000     173999.592521     77820.583333    a
4.000000     4845.603361     1203.033524     347.034000    0.500000     461929.500000     115211.474119     30847.900000    a
3.414214     4270.358634     1277.030081     439.502768    1.500000     468537.500000     140559.233820     46859.800000    a
33.556349     5709.264392     1038.350643     216.517048    28.500000     452598.500000     82579.128650     15630.879310    a
5.414214     5087.049101     1079.250519     262.398569    1.500000     459734.500000     97896.199006     21929.666667    a
7.414214     5615.933438     1548.529348     480.435825    2.000000     460098.000000     127155.070155     38372.458333    a
4.000000     4259.003296     1403.326916     546.239373    1.000000     465761.000000     154030.728560     58234.000000    a
10.828427     10293.725951     1496.840670     257.671556    1.500000     425760.500000     62076.408073     9341.793478    a
5.414214     4771.093698     1366.933125     448.661588    1.500000     465572.500000     133838.185440     42339.000000    a
8.242641     4184.049978     1461.184368     604.919251    3.500000     467293.500000     163517.233365     66759.714286    a
4.828427     4694.047013     1239.717572     402.876327    1.000000     458708.000000     122207.106275     35370.423077    a
23.899495     6536.173112     1623.314046     463.725249    18.500000     434996.000000     108494.102685     29048.333333    a
27.071068     5217.693762     1631.609354     603.470318    36.500000     449298.000000     141180.262675     49980.000000    a
23.899495     5333.860281     1127.226735     299.639327    18.500000     435478.000000     92708.703243     20874.452381    a
4.000000     3670.702989     168.819849     44.335103    57.500000     19999.000000     799.420192     129.080465    a
18.828427     3063.132360     146.297774     41.644860    23.000000     15307.500000     644.888609     113.858463    a
0.000000     1702.025594     126.654119     42.956381    0.000000     8046.500000     508.093005     114.229036    a
6.000000     3988.977154     189.590882     46.368286    0.000000     27441.000000     1039.980758     146.478853    a
6.828427     10678.419379     1399.779906     204.828252    1.000000     423949.000000     55656.126497     7456.763158    a
2.000000     3204.369948     152.951213     42.999637    82.500000     16396.000000     696.035753     117.930826    a
3.414214     1649.155537     130.586269     42.908157    0.500000     8035.000000     551.693285     115.834469    a
2.000000     4023.119290     195.081901     45.576748    1.000000     27390.000000     1091.405858     153.335284    a
20.485281     1979.530208     157.471942     45.825222    19.000000     20645.500000     956.513908     156.411707    a
16.242641     1995.991104     148.272085     46.118518    12.500000     8613.000000     645.804413     130.649556    a
2.000000     1971.187062     166.793259     45.790868    91.500000     23209.500000     973.516504     153.847985    a
0.000000     1975.187062     160.336418     46.654519    0.000000     20646.500000     913.720458     150.324825    a
2.000000     1861.505823     152.192326     47.465948    10.000000     20690.000000     888.140259     146.923404    a
18.242641     3901.320303     185.623808     46.832854    21.500000     17115.000000     777.811405     138.130074    a
7.414214     1889.647958     145.850896     46.176253    126.000000     7143.500000     554.722952     124.638432    a
2.000000     7828.836231     954.506798     134.808596    83.500000     416457.500000     50870.353052     6327.696970    a
7.414214     1861.505823     138.861518     46.302230    0.000000     6322.000000     521.224645     119.056169    a
2.000000     15473.750998     1286.267988     143.163348    0.000000     368500.500000     30611.041483     2747.121528    a
2.000000     18611.881271     1339.301961     138.605192    36.500000     314653.500000     22610.913732     1828.904145    a
6.828427     19017.902689     1245.061660     123.587298    0.500000     293364.000000     19160.752892     1443.570513    a
4.000000     20578.146542     1339.825841     134.371714    1.000000     259139.000000     16896.989025     1381.591102    a
9.414214     17907.614247     1386.740733     159.626498    5.500000     304730.000000     23578.006863     2173.435294    a
4.828427     14566.783399     1233.779342     162.766864    0.500000     330139.000000     27843.640391     2778.471429    a
8.000000     19872.149505     1312.965874     136.110773    27.500000     288654.500000     19048.107185     1471.792576    a
2.000000     16142.819099     1122.201523     121.791661    5.500000     309892.500000     21512.479599     1731.299517    a
2.000000     19117.535161     1275.965930     127.882871    290380.000000     290380.000000     19345.647362     1510.942222    a
12.242641     9126.487153     1263.378370     194.447595    5.500000     418417.500000     58010.192087     8223.607843    a
2.000000     1225.994069     97.841494     37.851896    1.000000     5073.000000     366.272631     90.931615    a
2.000000     2789.551627     142.614828     43.402459    7.500000     22248.000000     966.558590     137.071272    a
2.000000     2782.965840     163.004870     48.002268    2.500000     22244.000000     1174.528104     173.082249    a
4.000000     2774.723200     179.351632     47.378851    0.000000     23639.500000     1474.627445     201.822999    a
4.000000     1182.052945     116.433513     42.815910    7.500000     13836.000000     693.500624     136.114849    a
2.828427     1558.545366     138.203373     47.469760    6.500000     22245.500000     1110.626781     181.529063    a
278.793937     1884.292621     147.218331     49.044943    1320.000000     22220.000000     1154.498500     186.441648    a
10.828427     2941.049102     179.973783     47.583569    1.000000     23629.500000     1446.622328     196.207483    a
2.000000     8960.488361     313.438430     45.586050    889.500000     132700.000000     4416.893929     232.165380    a
4.000000     21540.559875     1276.023486     106.727320    2.000000     326531.500000     19340.827416     1220.132042    a
9448.927837     9448.927837     1283.086424     197.822431    430844.500000     430844.500000     58617.014174     8151.273585    a
4.000000     12778.695966     395.796472     36.259353    163.500000     69589.000000     2133.114103     110.620465    a
2.000000     9622.249897     335.457540     38.892645    4.500000     74097.500000     2437.836008     148.451109    a
4.000000     8785.216286     353.198554     41.126189    165.000000     102396.500000     3482.540706     196.927445    a
6.000000     8303.173442     874.499189     129.116471    9803.000000     408597.500000     42827.434321     4680.188889    a
12.000000     10612.252861     1482.390612     241.589548    8.000000     426364.000000     59683.891070     8577.700000    a
4825.301846     4825.301846     1511.334974     550.874487    464018.000000     464018.000000     145819.289913     51578.777778    a
8.828427     9843.944207     900.952128     135.623981    3.000000     357200.000000     32206.634202     3118.401639    a
9.656854     6064.893896     1812.761328     627.433249    6.000000     470851.000000     141238.906003     47134.450000    b
105.455844     4367.204308     2130.874232     2236.330076    188.000000     463790.000000     231801.000000     231989.000000    b
15.071068     6427.268568     2377.109455     1113.067608    16.500000     434713.500000     161959.478745     72561.250000    b
2.000000     7914.860614     1641.380880     400.529618    1.000000     426728.500000     88838.111977     19637.954545    b
8.242641     5279.319090     2472.498217     1782.810596    1.500000     456272.500000     215055.221384     152138.500000    b
4.000000     7207.893014     1380.550323     314.393859    53.500000     431441.000000     82927.697959     16825.538462    b
4.828427     5644.983087     1555.992101     484.523296    1.000000     446967.000000     123530.769718     37261.791667    b
2.000000     4785.589082     1670.434572     693.947245    459103.500000     459103.500000     160651.038751     65590.428571    b
5786.203427     5786.203427     2149.670402     979.731199    460820.000000     460820.000000     171727.976481     76824.583333    b
5720.252198     5720.252198     1633.638462     555.933775    455168.000000     455168.000000     130814.833227     41495.909091    b
2.000000     4797.122258     533.413159     80.182472    4.500000     268409.500000     25541.573851     2966.933566    b
7344.461560     7344.461560     1884.359507     551.509839    432284.000000     432284.000000     111305.062666     30968.714286    b
2.000000     9542.155322     887.035326     108.428099    9.500000     374590.000000     34620.377579     3602.363248    b
0.000000     8760.428278     971.727088     128.364378    0.000000     433529.500000     48162.807579     5449.887500    b
6.242641     7444.892139     787.557117     112.838055    0.500000     387107.000000     40528.950924     4734.032967    b
2.000000     11397.945415     892.173616     86.509592    11.500000     404112.500000     31650.136573     2522.549383    b
2.000000     9404.369406     821.061630     83.301929    119.500000     432019.500000     37743.746281     3333.196154    b
7592.485943     7592.485943     764.902612     97.979294    425177.000000     425177.000000     42513.961352     4407.434343    b
4.828427     4462.168939     544.481346     81.652005    44.500000     274481.000000     27501.594750     3337.360465    b
6819.993523     6819.993523     902.563770     141.528059    441767.500000     441767.500000     58495.089287     7975.901786    b
2.000000     9834.883247     819.326899     80.433497    425529.500000     425529.500000     35458.531361     3003.472028    b
2.000000     10785.292403     1538.176074     244.767621    2.000000     402509.000000     57479.793308     8456.708333    b
6.000000     7005.768127     1340.744282     318.331072    3.500000     431809.500000     82980.982771     16954.769231    b
2.000000     8074.274828     1084.045055     200.032951    0.000000     355686.000000     46945.129833     7087.535088    b
2.000000     5924.405648     791.236796     172.399255    3045.500000     308943.500000     39057.565757     6241.015625    b
14.828427     3947.468368     722.873904     179.629161    2.500000     182930.000000     30240.232186     6700.422414    b
4.000000     3307.270323     580.067366     146.282232    94912.500000     178094.500000     26994.308194     5546.407143    b
2.000000     7986.375332     1532.391898     326.560240    2.000000     424563.500000     81636.210915     16383.942308    b
4.000000     8453.009889     1386.089681     254.503802    3.000000     425601.000000     69935.729098     11855.861111    b
171.254833     8929.381595     1004.153531     153.275076    795.000000     379489.000000     42679.963850     5064.711538    b
2.828427     7391.522521     994.821099     182.622013    0.000000     386908.500000     50805.458588     7148.473684    b
2.000000     5097.673554     808.237490     190.568696    0.000000     243101.000000     36474.776918     7137.425926    b
2.000000     5258.567997     700.285903     141.143019    3.500000     302705.500000     38924.522320     6227.961538    b
22.485281     3925.797233     897.931318     343.738659    8.000000     410317.000000     89208.870698     22570.575000    b
2.000000     8016.475842     1023.831476     156.648153    3.500000     412013.000000     52740.655765     6905.158333    b
2.000000     9988.969472     1236.847548     174.247558    399540.000000     399540.000000     49547.966323     6265.476563    b
8.828427     5184.654220     958.089485     210.065101    2.000000     453215.000000     84097.525690     16231.696429    b
8751.391699     8751.391699     1156.767283     175.716804    420748.000000     420748.000000     55717.437113     7536.589286    b
3.414214     8550.739898     1383.189672     254.320260    2.500000     430196.000000     69755.096896     11665.689189    b
2.000000     8702.639395     1468.221154     268.924003    5.000000     414876.500000     70094.656904     12213.382353    b
2.828427     7860.777355     1087.343889     188.439432    3.000000     422451.500000     58548.395821     8511.784314    b
7.414214     7452.669708     1160.305881     209.478369    1.500000     430687.500000     67235.981459     10799.112500    b
5788.582274     5788.582274     767.013816     154.626802    399144.500000     399144.500000     52381.504449     7410.464912    b
6.828427     4939.205515     748.581879     163.248292    1.000000     377655.500000     54931.075902     9274.627660    b
52.041630     3526.236711     892.574862     334.010027    76.500000     453215.500000     116536.878432     33075.714286    b
0.000000     8619.024169     1149.322247     179.440977    0.000000     412042.000000     55044.333293     7556.836364    b
10.242641     4309.198376     671.064867     161.537836    2.000000     223961.000000     32184.399002     6415.000000    b
4.000000     6219.077661     1095.146546     222.686313    1.500000     448925.500000     79312.478625     14513.290323    b
2.000000     21986.463544     1342.251418     123.012582    13.000000     364466.000000     22178.997094     1441.295539    b
2.000000     24138.028246     1410.094180     118.971511    333796.500000     333796.500000     19470.777719     1253.039249    b
21964.328550     21964.328550     1015.383647     92.171187    205921.500000     205921.500000     9398.366234     602.182828    b
2.000000     8772.463979     524.120658     70.379364    0.500000     91661.000000     4871.754642     445.412860    b
7.414214     21427.554820     1273.086085     128.607834    2.500000     338076.500000     19990.101426     1324.091228    b
4.000000     25029.554276     1138.033720     98.743159    3.000000     229137.000000     10382.661416     635.165644    b
15946.414115     15946.414115     789.111035     87.846069    144825.000000     144825.000000     7422.090666     638.175532    b
55.213203     5182.906966     1285.191346     378.778911    104.500000     449485.500000     112079.591682     30125.533333    b
2.000000     8798.748250     514.779764     73.946172    0.500000     91675.000000     4646.966417     445.648557    b
2.000000     8711.056903     576.748424     77.722327    0.500000     102126.000000     6208.612257     573.762626    b
2.000000     28322.520117     1506.017702     121.995513    12.500000     317211.500000     16856.678776     992.658640    b
2.000000     17727.957393     943.595747     94.515390    3.000000     265087.000000     13943.417229     953.205722    b
16555.648735     16555.648735     849.952936     85.514453    211563.000000     211563.000000     10877.945743     828.729630    b
2.000000     9584.676303     525.931026     70.971971    1.000000     110269.000000     6526.334439     582.383459    b
2.000000     4779.116325     315.876959     56.311337    1.000000     88010.500000     3892.424686     337.654778    b
2.000000     4461.954857     297.667608     52.974315    1.000000     69084.500000     3240.831966     288.867386    b
2352.459142     9301.857978     470.055211     65.421812    47588.000000     64311.500000     3931.510681     401.231788    b
2.000000     14618.478919     719.136165     77.316561    52.000000     150671.000000     6844.187437     492.086792    b
8.242641     6009.281635     2235.292021     1011.139664    1.500000     445600.000000     166059.466366     74279.750000    b
0.000000     27328.998253     1075.575071     78.914461    0.000000     185128.000000     7280.664047     391.068598    b
3.414214     15851.536917     835.968950     83.951747    25749.500000     264930.000000     13480.909476     850.779487    b
10.485281     19637.193221     1021.860963     94.530455    5.000000     194553.500000     9533.101913     632.889899    b
19.071068     20482.376110     934.569253     93.577082    18.500000     206601.000000     9313.437920     609.707415    b
9.656854     20643.589311     927.663480     77.775446    1.000000     230801.500000     10216.774885     566.764023    b
2.000000     23837.293183     1165.315433     106.185532    12800.000000     250665.500000     12171.698189     757.109412    b
3.414214     16556.369515     935.181110     155.217789    0.500000     137120.000000     7156.150303     728.670886    b
2.000000     21347.135556     1242.247393     155.078453    0.500000     194615.000000     11197.832880     975.619497    b
2.000000     23051.757043     1377.878202     137.275959    4.000000     292311.000000     17407.345993     1187.167260    b
2.000000     11863.679598     1016.971436     166.116171    287.000000     136909.500000     9746.040908     1104.852349    b
4.828427     5889.634888     1565.600228     466.424395    1.000000     445627.000000     118741.988096     34292.692308    b
5.414214     17178.587773     1107.724452     164.148725    1.500000     244377.500000     15213.076125     1280.326255    b
2.000000     16765.166420     1104.674204     157.649371    1.000000     280121.500000     18161.860060     1439.217300    b
5.414214     15521.113475     1072.556390     133.198569    1.500000     307708.500000     21083.790283     1641.391509    b
37.313708     12856.556794     1020.859415     159.244184    67.000000     353911.500000     27628.531283     2392.027607    b
21.414214     9644.415206     1194.672493     168.520417    1.500000     417835.000000     51814.331295     6578.343750    b
2.000000     15043.105125     1452.170425     167.416970    387297.500000     387297.500000     37434.876334     3706.500000    b
21.656854     11160.548447     711.171128     87.217366    13.000000     171731.500000     10626.648364     879.318323    b
2.000000     10916.693544     995.324530     123.397281    6.500000     390057.000000     35456.772941     3363.879167    b
4.828427     16811.845573     1156.838139     164.057985    2.000000     292930.000000     19759.750993     1618.054795    b
12.828427     9076.584692     1045.906837     159.998947    1.000000     391156.500000     44871.726121     5507.300000    b
4824.015488     4824.015488     1592.177428     611.537470    457281.500000     457281.500000     151229.562358     57165.687500    b
7.414214     9678.370610     983.971182     167.421030    2.500000     269242.000000     24267.648768     2783.774074    b
2.000000     17506.026370     1189.546536     154.925387    9.500000     282330.000000     18877.127658     1509.206278    b
10472.887418     10472.887418     909.121009     116.895540    354062.500000     354062.500000     30053.684559     2785.735507    b
2.000000     9185.326891     908.332531     150.665954    706.000000     263430.000000     22337.356689     2427.876623    b
2.000000     12232.503847     1154.813549     133.530402    5.000000     404400.500000     38206.449508     3694.698198    b
2.000000     8883.319753     952.443259     163.261600    26.000000     234631.500000     21297.703359     2515.143836    b
2.000000     13523.721226     1299.393102     153.933239    389872.000000     389872.000000     37508.660339     3699.588785    b
47.112698     11069.304926     494.926657     58.637705    94.000000     88641.500000     4408.298071     319.604579    c
15.656854     12727.382258     444.408520     55.958651    7.000000     158427.000000     5138.700709     280.462944    c
12.242641     6306.916524     225.144297     40.906130    3.500000     42988.500000     1429.832151     113.238127    c
2691.863249     11971.166970     357.295940     49.761366    18704.500000     117692.000000     3395.036935     189.382282    c
2.000000     16449.381710     744.424906     59.786807    253198.500000     253198.500000     11446.692623     664.379760    c
0.000000     21151.635119     845.595841     51.452130    0.000000     328055.000000     13101.051916     560.926518    c
82.426406     25123.018474     982.881722     58.598284    222.000000     278748.000000     10892.958709     471.759939    c
2.000000     15146.566353     544.903970     43.248626    243793.000000     243793.000000     8452.152408     369.550529    c
6.000000     16892.436747     595.822935     48.869115    1.500000     164625.000000     5864.355466     318.430409    c
10.828427     8992.825580     375.490225     40.988365    2.500000     132223.000000     4711.185286     253.487793    c
3860.368742     3860.368742     991.412306     286.178117    468501.500000     468501.500000     120653.774174     33478.142857    c
2.000000     10645.702775     506.232933     61.858555    0.500000     115404.000000     5536.744914     388.348693    c
115.740114     4324.795146     1482.593146     710.433546    244.000000     464799.500000     162506.594479     66744.500000    c
3263.352373     3263.352373     1303.921021     655.519003    473302.000000     473302.000000     189320.550001     94660.900000    c
4667.561733     4667.561733     799.413882     145.932943    465400.000000     465400.000000     79777.900102     14108.060606    c
2.000000     14703.528568     1151.785170     117.122405    15.000000     384234.000000     30091.849377     2427.148148    c
20.485281     18693.247926     1208.106555     116.426211    10.000000     334948.500000     21576.037249     1501.339583    c
2.000000     6417.819862     1096.711126     215.452042    0.500000     446703.000000     76567.343276     13572.848485    c
21.656854     7925.485062     1414.673713     319.018915    10.000000     428660.000000     76914.921411     14466.833333    c
2.000000     6508.582273     1349.241368     330.591953    1.000000     451980.500000     94124.474079     20649.386364    c
2.000000     4490.993192     1280.518424     448.351854    3101.000000     461014.000000     132437.964576     42217.636364    c
3.414214     8743.741984     986.009506     144.636849    1.000000     410956.500000     46226.050698     5518.115385    c
2.000000     10066.097656     426.577654     55.533891    25.000000     76738.500000     2947.282075     237.627871    c
6.828427     4398.902791     1522.691506     670.326074    20.500000     467659.500000     163616.173460     66883.428571    c
2.000000     3606.496596     1414.989116     783.575264    3098.500000     466098.500000     186131.704518     93842.800000    c
5.414214     6503.123464     754.412421     132.424622    1.500000     401138.000000     46021.990363     5677.386667    c
4.828427     5125.240007     617.218781     114.532229    1.000000     427683.500000     51470.424779     6389.367647    c
3311.862039     3311.862039     1561.226738     1103.954013    473735.000000     473735.000000     223320.820657     157911.666667    c
2.000000     8282.462769     759.073969     101.397240    1.500000     400062.500000     36666.497719     3469.974576    c
4138.493630     4138.493630     1368.008597     519.092034    470228.000000     470228.000000     155513.080836     58779.062500    c
12.242641     8175.391700     668.780137     94.607550    5.500000     369155.000000     30037.749279     2617.786667    c
2.000000     8318.472871     1465.853114     306.046141    392377.500000     392377.500000     69287.249109     12968.354839    c
2.000000     8600.054815     494.060323     98.688606    152630.500000     152630.500000     7819.355959     636.051948    c
2.000000     19820.791201     697.163330     58.428863    188230.500000     188230.500000     6550.503660     325.041367    c
2.000000     14501.616002     789.850558     87.412699    18.000000     253670.000000     13644.200145     870.781159    c
9.414214     10544.888626     478.846700     67.562172    3.500000     142228.000000     6109.819933     421.958974    c
9.414214     5401.973312     261.695089     54.192789    4.000000     50543.500000     2431.648408     232.435279    c
11.656854     2114.483526     139.314064     50.040785    4.000000     10695.000000     626.002728     138.058237    c
12045.613586     12045.613586     763.784428     91.249221    334374.000000     334374.000000     21020.560516     1463.490079    c
2.000000     9488.201128     436.311684     66.111436    68.500000     222319.500000     9637.185246     567.421348    c
4.000000     3533.874562     184.996274     48.361569    1328.000000     15431.000000     767.683019     130.563645    c
13.071068     13112.134565     661.697297     71.291536    4.000000     240077.500000     11963.196228     778.183133    c
128.669047     8949.964415     701.262390     83.267800    559.500000     393864.000000     30658.502646     2488.454268    c
4.000000     16610.438500     928.692853     70.371899    356018.000000     356018.000000     19872.616765     1165.090625    c
2.000000     4397.410702     170.559168     45.452819    1.000000     42025.500000     1299.185770     138.908871    c
6.000000     16042.313614     757.050988     58.077973    5185.000000     290979.500000     13515.315240     748.802350    c
2.000000     14294.718597     501.646047     42.873814    58.500000     111651.000000     4082.700097     219.924567    c
2.000000     11168.449154     473.526318     43.903146    0.500000     127412.000000     4628.910923     244.204966    c
20.727922     3302.997368     184.011962     45.892509    7.500000     37930.500000     1526.182466     166.088878    c
0.000000     9829.272195     381.758024     61.213689    0.000000     96703.000000     3573.208576     275.290625    c
10.000000     3176.245059     168.055142     42.819252    42.500000     25876.000000     1168.214668     140.152765    c
6.242641     9231.407192     457.280485     58.267168    2.500000     99508.500000     4370.201406     337.739888    c
17.313708     20824.930372     851.477437     65.445156    9.000000     221805.000000     9037.427389     461.800166    c
3.414214     18682.821517     678.700716     61.818077    0.500000     153130.500000     5563.542419     325.630597    c
2.000000     19464.534284     817.876973     68.669336    0.500000     216431.000000     8832.078037     496.260905    c
48.970562     7077.381597     242.415411     44.464598    75.000000     51511.000000     1582.677846     145.819392    c
3.414214     22961.161152     888.629404     67.034566    0.500000     237877.500000     9008.996668     438.307966    c
79.254833     24566.292305     1057.342122     69.328976    86.000000     310978.500000     13350.967613     634.217712    c
5.414214     5089.373246     304.897207     47.864270    1.500000     85934.000000     3084.744844     245.296687    c
15.071068     7273.513625     297.139403     45.428651    5.500000     95385.000000     3547.964447     264.733300    c
4.000000     5586.569203     292.896742     45.670161    0.000000     167617.000000     5941.622405     365.341449    c
134.225396     6334.330739     348.212872     46.854940    220.000000     214816.500000     8066.060199     450.430423    c
5.414214     15493.113474     989.412023     73.570301    1.500000     415899.500000     26569.961238     1715.356557    c
17.656854     14588.010885     677.164938     52.353325    11.000000     338604.500000     15637.991265     785.479701    c
4.000000     14301.733753     720.463131     63.031992    804.000000     313129.000000     15681.724396     872.920854    c
5.414214     12807.531537     690.891063     60.801071    1.500000     331928.500000     17647.509511     1040.365819    c
5.414214     7469.604023     213.611651     39.726729    0.500000     42964.500000     1173.102575     108.845804    c
140.568541     20357.630950     1018.748368     64.653896    123.000000     358180.000000     17907.257152     951.042500    c
2.000000     13587.403678     756.135101     62.664401    373.500000     356427.500000     19703.477584     1201.764526    c
2.000000     10308.170811     455.746006     53.042964    236329.500000     236329.500000     9731.222790     546.713934    c
2.000000     8052.716725     418.126162     55.622005    1.000000     194578.500000     8623.814685     562.690359    c
10.828427     5846.551959     345.457902     50.357090    6.500000     154734.500000     7724.413171     539.950949    c
6.000000     6008.566240     349.564520     44.991210    17.000000     118906.500000     5966.645775     403.247134    c
3.414214     4693.376211     166.040488     43.759152    0.500000     23087.500000     881.698926     111.834072    c
18.828427     8797.535044     299.398929     52.400056    12.000000     132126.500000     4045.555675     232.699818    c
3.414214     3492.168939     216.580480     50.423192    0.500000     30772.000000     1469.798021     163.552862    c
2.000000     9553.951345     500.670426     75.148848    7.000000     201605.500000     9958.667490     787.868539    c
13.656854     4972.277792     150.224868     34.602318    5.000000     28572.500000     798.434302     85.588980    c
2.000000     16652.722767     688.435420     73.883814    5.000000     270000.000000     11023.078473     555.892500    c
5.414214     17025.416200     928.692532     95.439930    312.000000     348284.500000     18858.452810     1113.266176    c
119.982755     11483.768788     687.649716     84.099601    155.500000     356324.500000     21021.701006     1390.749129    c
8.828427     11890.358747     569.506170     77.402974    3.000000     294071.000000     13474.015959     737.287815    c
2.000000     10474.180915     385.924382     54.646452    6.500000     203015.500000     7002.380429     342.957988    c
3.414214     14603.341839     452.485492     59.701418    7.500000     85644.000000     2551.988483     163.327526    c
3.414214     12692.865452     459.712996     51.254785    0.500000     48377.500000     1581.779368     110.166002    c
74.041630     13025.362048     464.217330     61.938378    50.500000     103337.000000     3379.728084     205.156347    c
2.000000     27031.337231     1198.108169     95.334591    11.500000     248991.000000     11004.218290     566.026419    c
3.414214     15494.998690     642.870936     67.638967    3.000000     204755.000000     7978.927641     404.262801    c
2.000000     17106.682350     585.679136     63.322149    2.000000     153163.000000     5118.492694     286.402732    c
2.000000     17022.355238     801.217910     71.564426    11057.500000     277620.000000     12952.505701     687.419390    c
2.000000     16874.580630     846.698987     80.690476    0.000000     245905.000000     11405.776020     678.974684    c
2.000000     11278.770872     466.186729     54.239243    1.000000     78533.000000     3351.225369     243.257039    c
2.000000     16277.999027     961.760059     90.810156    8.000000     142058.500000     8140.584372     566.727273    c
0.000000     22431.982442     913.964098     77.900593    0.000000     125574.000000     5217.692354     319.883832    c
2.000000     15108.000777     648.550259     59.541516    1.000000     164400.500000     6312.690671     348.198423    c
2.000000     4192.332491     225.464130     55.299149    2.000000     24318.500000     1122.832312     161.645073    c
4.000000     9920.191022     370.072898     60.481902    4.000000     57558.500000     2290.469893     242.164286    c
13.656854     15898.240457     571.177839     63.283483    7.000000     106228.500000     3866.037545     284.646845    c
4.000000     16234.455742     655.382046     66.383030    1.000000     175355.500000     7029.277838     426.890966    c
2.000000     9243.881155     1151.844730     183.966887    17.500000     418841.000000     52335.989090     6751.333333    d
83.112698     8526.386647     1008.848201     155.691705    205.000000     419248.000000     49741.073643     6070.900000    d
2.000000     4129.966718     1935.949693     1392.231547    102.500000     469579.500000     221337.743645     156560.666667    d
91.455843     12176.469358     1042.261171     124.645210    155.000000     376768.500000     32300.327097     2871.974074    d
5.414214     11776.714961     1055.938838     118.437130    1.500000     396395.500000     35592.921411     3259.825203    d
5.414214     11947.626652     1102.481822     134.231040    1.500000     389690.500000     36020.085420     3420.625000    d
46.384776     6415.275703     1277.805650     311.441102    97.500000     439212.000000     87709.859633     18620.604167    d
2.000000     10400.429484     1467.890614     233.116195    433.500000     426894.000000     60353.777726     8751.142857    d
2.000000     2403.662237     93.002097     26.704240    3.000000     16260.500000     468.754215     53.106719    d
7.414214     2793.978034     110.413580     28.276477    2.500000     15078.000000     472.104815     59.104712    d
2.000000     947.016367     72.351758     25.858193    8.500000     3770.500000     218.631010     47.619087    d
11.414214     3536.016698     158.050242     33.803110    8.500000     17579.500000     644.371709     76.974741    d
5421.171027     5421.171027     1148.618768     293.357096    454744.500000     454744.500000     96801.874686     21837.833333    d
2.000000     2604.237920     127.048954     28.958009    0.000000     12471.500000     500.515599     65.674553    d
2.000000     2603.509998     118.647868     27.527486    0.000000     9202.500000     437.781843     60.178819    d
2.828427     2229.520104     119.224707     26.863766    0.000000     8290.500000     438.499728     59.316774    d
2.000000     1836.819532     101.884566     25.685142    0.000000     7908.500000     388.573568     55.206937    d
5.414214     1843.890599     101.437299     25.746476    1.500000     7201.000000     375.887934     54.598965    d
258.793937     3813.504067     136.249856     28.024342    708.000000     20288.500000     612.431754     65.295082    d
2.000000     4531.275705     172.082591     32.226691    0.500000     37311.000000     1091.767527     88.720827    d
4.000000     2504.113030     151.060702     31.054139    11.000000     14418.000000     648.420963     78.100991    d
48.727922     17068.930921     1030.043054     100.452575    41.500000     364088.500000     21397.917460     1383.673010    d
4.000000     17091.957395     881.209448     93.369212    8.000000     310211.000000     15453.700839     917.822581    d
2.828427     13231.662353     1044.304957     116.720506    214.000000     365133.000000     28860.429209     2366.911950    d
15.656854     9081.746161     743.362170     90.020193    7.000000     432220.500000     35053.211564     2935.337748    d
0.000000     10722.627533     1237.457007     163.069478    0.000000     447995.500000     51720.650616     6102.209459    d
23.071068     10290.367647     802.433561     93.907163    36.500000     422567.500000     32599.161395     2612.290419    d
3.414214     10986.011429     693.507024     87.780516    0.500000     382714.000000     23598.313898     1586.368321    d
7.414214     11646.261209     602.925811     67.715820    1.000000     353270.000000     17601.590016     972.000000    d
16458.063825     16458.063825     933.767966     77.385396    387456.500000     387456.500000     21968.577695     1301.267742    d
17.071068     10508.367645     859.358323     89.195901    12.500000     431768.500000     35136.828560     2951.770000    d
31.313708     12200.459256     857.097452     84.147338    49.000000     417161.500000     29275.877741     2131.618812    d
8.828427     14557.400711     837.619498     80.561471    1.000000     376633.000000     21494.909918     1321.160131    d
21.656854     15750.306469     778.757689     80.009617    19.000000     308143.000000     14877.394503     864.111888    d
14.485281     13966.629953     998.721855     107.891032    12.000000     343306.500000     24579.226014     1846.951031    d
0.000000     17326.349310     764.698507     74.871593    0.000000     257379.000000     10916.602965     606.913238    d
18447.809327     18447.809327     813.406664     76.002563    256848.000000     256848.000000     10863.204340     599.518650    d
35.556349     15136.493199     712.282197     73.915973    18.500000     248608.000000     10721.314973     621.190128    d
2.000000     16266.705526     664.725715     67.385674    129.500000     169371.500000     6344.284550     391.049669    d
2.000000     11445.589201     473.903993     63.975744    3.000000     128736.000000     4643.807846     327.795724    d
4.828427     7032.060748     334.935878     61.110261    1.500000     89971.500000     3267.946226     290.236755    d
4.000000     11323.003413     448.194126     60.513721    1.000000     141068.500000     5022.438161     335.688981    d
16033.630282     16033.630282     909.892651     75.059638    390174.000000     390174.000000     22122.642866     1312.383871    d
3.414214     15718.333816     684.417479     57.504837    0.500000     338292.500000     14652.548590     697.474624    d
7.414214     15296.160157     718.774893     61.771000    0.500000     351759.000000     16263.108791     818.306210    d
12.000000     8930.834472     726.341282     98.443395    25.000000     363819.500000     29601.216934     2554.780000    d
13163.066462     13163.066462     970.051549     87.163511    426672.500000     426672.500000     31452.161812     2364.150273    d
16200.264839     16200.264839     785.299461     67.526154    345750.500000     345750.500000     16579.759300     876.769585    d
4.000000     14451.158072     676.277179     70.830429    41.500000     249909.500000     10590.747746     601.173145    d
2.000000     13824.869626     757.640835     75.297764    1.500000     335280.500000     17272.403710     1018.903439    d
2.000000     16209.412025     1221.317229     105.480441    424099.500000     424099.500000     31965.696491     2445.300000    d
2.000000     11200.607322     880.621663     90.333635    432095.500000     432095.500000     33945.116408     2729.900621    d
13.071068     7017.851387     1066.786818     193.259167    6.500000     449328.500000     68493.411721     10757.988095    d
5796.744620     5796.744620     1074.413586     214.203498    463780.500000     463780.500000     86065.770960     16569.642857    d
5621.122257     5621.122257     1253.686086     302.292035    463364.500000     463364.500000     103467.164252     24390.500000    d
9.414214     4538.573925     1207.382020     356.411037    0.500000     469568.500000     125123.862361     36126.730769    d
2.000000     7468.676847     1432.834522     306.393196    11.500000     452205.000000     86954.871847     17430.942308    d
2.000000     4968.522190     1167.221900     299.903695    9.000000     466046.000000     109655.729771     27423.088235    d
20.828427     3668.604240     1146.353073     426.693761    2.000000     471494.500000     148171.025475     52403.555556    d
6.242641     4318.843916     939.668867     223.058491    1.500000     468998.500000     102214.999002     23453.650000    d
2.000000     7616.711338     1434.477126     306.537948    0.500000     454305.000000     85790.085759     16859.925926    d
29.313708     4264.074364     1489.572803     615.459500    43.000000     468923.500000     164086.361224     66995.642857    d
8.828427     4179.446947     2085.309260     2094.137687    1.000000     470251.500000     235125.250000     235126.250000    d
6.000000     4323.655098     1077.048515     293.797920    469466.000000     469466.000000     117104.825045     31299.866667    d
2.000000     7910.860613     1177.146417     194.334835    451836.500000     451836.500000     67335.111469     10290.852273    d
7.414214     5642.484733     963.738332     193.413368    2.500000     457505.500000     78418.082750     13906.318182    d
2.000000     4094.611381     1226.044059     416.523880    7.000000     470167.000000     141048.500128     47021.500000    d
4.828427     10857.296576     1355.417889     197.872650    1.000000     418704.000000     52322.775552     6726.841270    d
6.000000     3767.515927     1242.997827     478.914365    9.500000     471733.500000     156010.151404     58969.437500    d
3.414214     7967.654551     1136.107670     184.499531    0.500000     451078.500000     64421.416378     9427.906250    d
0.000000     7909.595676     1074.852628     178.421088    0.000000     446985.500000     60805.867361     8515.358491    d
0.000000     6506.655427     1000.214873     195.845828    0.000000     448088.500000     69107.070654     11020.036585    d
2.828427     6087.479680     1357.692742     327.368768    463557.500000     463557.500000     103510.229532     24400.789474    d
2.000000     6016.158835     1278.850422     298.187647    312.500000     464082.000000     98826.214143     22117.833333    d
6.000000     4081.682449     1762.892193     1028.274166    471352.500000     471352.500000     204101.258727     117838.750000    d
2.000000     4057.599188     1117.114284     353.359155    241.500000     469328.500000     129703.612291     39150.375000    d
2.000000     4117.983965     1181.424629     382.046443    5.000000     469635.000000     135009.060818     42698.863636    d
4.000000     4041.724079     1610.083622     821.621771    2.000000     470666.000000     188263.750110     94138.500000    d
4.828427     11518.465186     1232.059243     163.902048    1.000000     405301.500000     43443.867884     4769.947674    d
30.142135     4396.115994     1532.740804     641.875455    18.000000     469169.000000     164166.993406     67043.642857    d
2.000000     4994.774935     1859.787622     836.169596    2.000000     467373.500000     174179.484073     77896.333333    d
4.000000     4676.164765     971.512450     225.021519    5.500000     467333.000000     97341.344405     21258.954545    d
2.000000     4634.407405     1329.969048     428.856327    468217.500000     468217.500000     134599.778511     42575.636364    d
48.727922     4292.500770     1497.406425     624.816282    62.500000     469764.500000     164378.988459     67119.857143    d
4813.485612     4813.485612     1379.748960     450.932288    465612.500000     465612.500000     133846.551828     42352.590909    d
4625.495719     4625.495719     1150.785933     319.939580    468218.500000     468218.500000     116792.753242     31220.033333    d
2.000000     4598.549539     1374.255167     476.253229    467972.500000     467972.500000     140384.639327     46818.600000    d
3.414214     4162.978912     1371.064789     536.602441    0.500000     469552.000000     155274.619289     58734.062500    d
3966.001208     3966.001208     1582.278754     801.511511    471164.500000     471164.500000     188462.450260     94239.600000    d
5.414214     7765.747914     1307.135633     260.340245    1.500000     428940.500000     72457.734630     12703.735294    d
3890.604241     3890.604241     1448.331537     652.043516    472094.500000     472094.500000     175938.859625     78683.250000    d
10.242641     3587.751429     1534.913261     930.544459    6.500000     471169.500000     203969.890654     117883.375000    d
5975.430912     5975.430912     1488.435453     406.328559    464358.500000     464358.500000     115830.194029     30961.600000    d
5530.654219     5530.654219     1470.980080     435.152317    466053.000000     466053.000000     124187.210502     35855.884615    d
2.000000     4220.535260     1469.644249     620.861819    32.500000     469849.500000     164405.932471     67138.857143    d
274.409161     5329.156746     1216.424583     320.086037    1187.500000     464791.500000     106448.669431     25893.805556    d
2.000000     4332.920036     1729.388505     874.212434    33.500000     470114.000000     188042.200443     94029.600000    d
2.000000     4235.221552     1216.132321     389.503205    469507.500000     469507.500000     134973.427544     42684.045455    d
3845.415422     3845.415422     1654.336537     980.157156    470984.000000     470984.000000     203920.046130     117784.125000    d
4114.736270     4114.736270     1527.690883     698.934388    470198.500000     470198.500000     175220.899539     78392.666667    d

