minimPerim   maximPerim   deviatiePerim    mediePerim   minimArie   maximArie   deviatieArie    medieArie  tip 
25.313708     4709.076450     151.717461     36.450908     31.000000     465334.000000     14612.224942     538.936821          a
5.656854     4650.365773     159.168114     39.161185     2.000000     464455.000000     15472.497307     605.268889          a
5.656854     4102.552506     143.956872     38.453374     2.000000     465734.000000     15673.915218     623.721088          a
2.000000     4005.273287     123.394923     31.679274     1.000000     469129.000000     14111.888318     487.630435          a
3.414214     4147.380931     136.165278     34.078073     0.500000     465704.000000     14801.762596     545.649141          a
5.656854     3890.243848     130.492491     33.063695     2.000000     470148.000000     15286.961198     570.646561          a
30.384776     4004.167730     134.764797     36.213674     42.500000     464881.500000     14943.852124     570.538263          a
5.656854     4337.630713     142.242488     35.321976     2.000000     466510.000000     14754.206453     549.801802          a
5.656854     4929.041960     164.024897     35.399729     2.000000     464469.000000     15126.422838     569.943206          a
5.656854     3758.864126     118.585707     30.780630     2.000000     467952.500000     14406.751776     503.005693          a
2.000000     5344.519226     192.050591     46.288721     6.000000     451690.500000     13877.076012     552.144340          a
5.414214     4159.800200     137.219305     33.421548     0.500000     468220.500000     14958.096414     552.899898          a
5.656854     3990.101713     129.635297     31.803770     2.000000     468361.000000     14797.427875     535.620380          a
5.656854     4249.062172     131.318637     30.136191     1.500000     460701.000000     13973.745538     479.552026          a
9.656854     5811.063381     338.849919     62.964266     6.000000     441439.500000     25320.570140     1648.257426          a
5.656854     4471.814479     276.435721     62.816837     2.000000     454933.500000     27045.615102     1829.317376          a
9.656854     4907.988139     279.419888     56.993663     6.000000     441198.000000     24698.287433     1540.687107          a
5.656854     5895.061626     202.655860     31.971269     0.500000     47799.500000     1322.008373     110.870133          a
4.828427     4792.773179     147.760585     26.810642     1.000000     41140.500000     1067.971809     87.393905          a
3.414214     3476.110064     128.681278     27.340258     0.500000     29833.000000     899.335178     88.419692          a
2.000000     8231.995941     243.391256     28.964727     0.000000     68069.500000     1686.223875     105.472712          a
2.000000     4981.191235     177.553945     43.105438     0.000000     461715.500000     13912.703617     532.162432          a
72.870057     4987.508241     163.205806     28.214939     58.500000     43483.500000     1386.639400     103.540000          a
2.000000     3774.183220     153.159911     27.976052     0.000000     43479.000000     1280.320095     102.454524          a
5.656854     10120.898733     267.104168     29.510601     2.000000     79489.000000     1950.161994     117.442548          a
2.000000     6660.220130     202.866429     28.870626     0.000000     42311.000000     1433.270763     111.030773          a
4.000000     4704.547785     182.651797     29.048998     1291.000000     32933.500000     1241.811194     109.452960          a
2.000000     7396.182675     213.378802     28.439569     0.500000     56003.500000     1425.687570     101.143086          a
2.000000     6326.649498     198.557824     27.173342     0.500000     37960.500000     1262.623636     102.154211          a
2.000000     4509.226936     171.175461     27.102944     0.000000     30721.000000     1047.633765     92.153307          a
34.142135     5881.144885     186.894678     28.222721     49.000000     36084.500000     1086.741217     92.026786          a
2.828427     5884.174322     171.990476     27.403195     15.500000     36073.500000     916.997149     81.473127          a
2.000000     6502.984297     217.871812     41.319133     36.500000     426655.500000     13335.100262     527.180000          a
2.828427     4509.226936     158.892362     27.426673     15.500000     30721.000000     847.854067     79.951333          a
5.656854     11267.487484     295.966392     40.028306     0.000000     416813.000000     10484.943193     348.978495          a
3.414214     11219.404223     322.922202     43.738906     0.500000     369797.000000     10100.987792     387.338542          a
2.000000     13678.120282     401.867559     46.407705     6.000000     354869.500000     10071.224620     405.122392          a
4.000000     15289.334693     464.313971     49.362148     1.500000     364252.500000     10776.540822     453.629032          a
57.455844     13009.988250     382.288512     46.769325     121.000000     404500.500000     11402.394352     433.013492          a
9037.344139     9037.344139     248.586707     39.107798     386176.500000     386176.500000     9725.299723     342.065066          a
2.000000     14170.377201     417.695449     47.136284     12.000000     380153.000000     10849.436643     425.863415          a
2.000000     12312.327223     357.352402     44.761388     22.000000     372384.500000     10383.304730     406.760853          a
2.000000     13235.277575     391.064402     46.583927     4.500000     362148.500000     10294.558649     416.919485          a
2.000000     7246.856439     215.805036     38.056126     54.500000     432442.500000     12729.041359     452.481787          a
3.414214     3839.597430     179.625344     36.819381     51.500000     23894.000000     1178.427022     140.131047          a
271.078208     3783.171026     180.763523     35.121587     598.000000     35030.500000     1612.154457     171.967477          a
48.284271     3819.455297     167.187040     36.421333     88.000000     35045.000000     1759.943356     205.322068          a
2.000000     3331.298883     170.200903     39.447085     2.000000     35038.000000     1891.506837     238.598282          a
0.000000     3188.730340     164.677538     34.996142     0.000000     23973.500000     1305.906432     162.755051          a
4.000000     3320.754725     168.519393     37.604324     4.000000     23979.500000     1608.665268     205.463885          a
3.414214     4470.433000     190.392989     38.249591     0.500000     59647.000000     2244.624752     230.110625          a
8.828427     3140.771969     166.147926     43.013543     4.000000     34946.500000     1965.294329     262.133614          a
4.000000     11096.846994     273.807151     33.525362     1065.000000     188044.500000     4303.019055     178.506572          a
48.970562     13855.752749     409.959056     50.992317     139.000000     411629.500000     11913.024821     460.466918          a
4.828427     7969.002748     246.204334     42.942275     1.000000     440150.500000     13283.760704     492.352325          a
6.000000     13057.281749     285.355311     26.359752     224992.500000     224992.500000     4774.572351     155.586828          a
2.000000     18519.292519     359.784236     24.646211     16.000000     207870.500000     3984.784045     107.765448          a
0.000000     12546.054270     253.177963     26.032445     0.000000     324584.000000     6226.491332     180.942363          a
3.414214     6240.464524     195.787966     40.475342     0.500000     429825.500000     12691.025372     476.986934          a
5.656854     8518.347984     262.022679     43.448983     2.000000     444635.000000     13425.616006     503.904197          a
5.656854     4401.346441     129.301984     31.978969     2.000000     466286.000000     13199.128934     441.058941          a
10285.885328     10285.885328     321.115830     45.302614     399809.000000     399809.000000     12055.849541     480.233212          a
5398.428823     5398.428823     331.360445     53.407191     474281.000000     474281.000000     27397.333361     1769.758333          b
2.000000     3869.415423     207.228349     39.421884     2.000000     465869.000000     24184.457520     1320.708108          b
65.455844     6164.734517     390.092334     58.703408     202.000000     436522.500000     27385.661096     1806.962451          b
2.000000     6506.231991     394.214504     54.630094     1.000000     439637.000000     26459.631341     1669.154545          b
5.656854     5026.258130     306.506765     51.916996     2.000000     457623.000000     27743.468723     1765.464945          b
5.656854     6431.361931     334.662993     43.960468     2.000000     441953.500000     22881.144618     1242.259409          b
5.656854     5486.934317     331.642098     50.898899     2.000000     448265.000000     26978.799099     1699.909091          b
2.000000     4497.214413     243.752783     39.455921     2.000000     460620.000000     24689.620774     1383.260807          b
5.656854     4949.571838     263.041598     39.737148     2.000000     464829.000000     24564.653492     1349.915966          b
2.000000     5231.468369     289.451285     42.293124     1.000000     458071.000000     25251.714098     1446.852134          b
2.000000     4356.965843     170.767844     22.318173     0.000000     272275.500000     9487.184428     417.323663          b
5.656854     5981.573047     328.315971     46.834231     2.000000     438354.500000     23598.294181     1347.129360          b
5.656854     7599.713426     259.226393     24.858003     2.000000     386896.500000     12790.882896     489.285097          b
3.414214     8141.495169     250.052271     26.728798     0.500000     442477.000000     13109.427442     438.285526          b
5.414214     7249.772299     205.834763     24.881958     0.500000     393578.500000     10693.670278     361.435496          b
3.414214     8670.754179     220.231607     24.772068     0.500000     425494.000000     10601.907943     301.335404          b
2.000000     7172.707166     208.917679     20.966244     446335.000000     446335.000000     12847.028712     393.666252          b
2.000000     7146.246269     220.087126     22.339548     2.000000     443625.000000     13400.514263     433.105479          b
2.000000     4489.943543     178.697999     23.052624     1.000000     277711.000000     10086.191612     456.608974          b
10.485281     5865.438051     194.018995     23.670817     7.000000     446350.000000     14096.253021     483.164172          b
2.000000     6989.768128     202.784915     21.669225     2.000000     442685.500000     12638.383782     390.823409          b
8524.784496     8524.784496     239.984542     27.165880     416404.000000     416404.000000     11612.226876     360.802724          b
6511.018789     6511.018789     374.516566     50.760719     445784.500000     445784.500000     25522.643177     1536.319079          b
3.414214     6879.452332     194.474880     25.363106     0.500000     363911.000000     9961.915116     334.312038          b
4.000000     4968.016698     145.556644     23.003449     1.000000     315286.000000     8477.646252     306.022759          b
2.000000     6788.395544     180.587222     21.084095     80615.000000     312942.500000     8235.837492     274.966515          b
2.000000     5267.122255     148.372322     22.562445     97900.500000     293054.500000     7923.864320     284.922976          b
31.899495     7147.033066     185.233617     24.204970     34.500000     429917.500000     11016.288197     314.787122          b
5.656854     7549.567119     188.504120     24.194732     2.000000     430651.500000     10627.800572     295.602072          b
2.000000     7579.671795     197.728981     22.757479     2.000000     387770.000000     10017.630334     291.719292          b
2.000000     6361.091939     170.684427     21.808998     2.000000     394023.500000     10062.250774     296.782368          b
5.656854     7885.446401     197.849078     20.432544     2.000000     369445.000000     9159.708138     255.829755          b
5.656854     7038.856439     169.808321     21.087876     2.000000     403407.500000     9629.726400     255.733751          b
2.000000     5616.311077     311.989833     46.826600     1.000000     454406.000000     25087.436320     1456.116208          b
5.656854     7557.608747     177.495953     23.535363     2.000000     415858.000000     9655.418378     255.879450          b
12.828427     8993.887088     205.621048     23.137705     5.000000     404995.000000     9216.028732     236.372539          b
3.414214     4928.664326     115.589647     21.436052     0.500000     455239.000000     9767.074829     246.776449          b
2.000000     8017.813932     185.405147     24.044950     425738.000000     425738.000000     9738.972362     255.174607          b
5.414214     7843.966171     178.023376     24.995186     9.000000     435331.000000     9736.877653     254.228979          b
5.656854     7713.373246     194.284330     23.944511     2.000000     420043.000000     10471.771440     292.701803          b
5.414214     5674.151695     126.901552     28.177328     0.500000     429324.500000     9251.515769     246.792150          b
2.000000     7375.206725     159.732207     22.872060     2.000000     433776.000000     9235.779598     229.036281          b
2.828427     6017.226939     146.310536     21.193450     0.500000     413148.000000     9697.900880     262.606278          b
6051.639062     6051.639062     142.795381     20.519901     438727.000000     438727.000000     10048.657513     258.246065          b
4.000000     3972.042841     214.770341     40.365303     1.000000     464082.000000     24838.990527     1396.205460          b
2.828427     7585.037239     190.557665     22.311037     0.500000     419713.500000     10479.700976     288.684966          b
1762.347321     6617.601605     172.407104     21.619597     55198.000000     339624.500000     8627.851882     270.510384          b
4.000000     5127.166853     113.869584     23.603948     1.000000     453045.500000     9429.671965     233.923993          b
6.000000     8999.520764     216.164489     40.721446     451088.500000     451088.500000     9398.623941     266.721354          b
4.828427     7278.475840     176.721633     36.086819     1.000000     442224.000000     9065.836043     250.888655          b
5.414214     13062.431906     276.025893     32.251069     1.500000     396191.000000     8092.755210     215.661660          b
5.414214     16546.448604     336.565530     28.568430     0.500000     353801.000000     7106.739031     182.744453          b
2.000000     13068.618636     293.253333     40.940997     441350.000000     441350.000000     9208.030221     258.364665          b
2.000000     11046.825577     241.466378     35.153630     1.000000     415135.000000     8605.813179     237.123979          b
2.000000     13732.487814     289.258400     30.857753     2.000000     387330.500000     7984.579654     210.521674          b
2.000000     4586.826670     248.940558     44.035797     2.000000     454251.000000     24312.835787     1380.909483          b
5.414214     16172.593707     331.055475     28.698984     0.500000     356241.500000     7207.733679     186.459067          b
58.384776     7229.551081     207.511941     28.850693     164.500000     236329.500000     5585.181207     204.864031          b
2.000000     14938.558006     312.340104     35.628179     14.500000     418389.000000     8603.861011     230.514171          b
12.828427     12514.594252     258.645372     29.240345     3.000000     417501.000000     8522.272881     214.956649          b
2.000000     6763.772301     187.382189     27.370129     300005.500000     300005.500000     6456.866157     205.071134          b
3382.068433     7392.930806     203.686664     27.658722     123951.500000     133500.000000     4444.549410     189.587935          b
5.414214     12744.318329     269.276359     28.802921     1.500000     193415.000000     4405.275761     161.202256          b
14272.478919     14272.478919     300.376054     28.842355     200419.000000     200419.000000     4397.609296     155.070277          b
10.242641     12098.598423     258.909120     28.041528     2.500000     257891.000000     5385.366106     174.584184          b
2.000000     8056.151148     203.249191     29.036602     1.000000     270890.000000     5950.683133     203.963734          b
5.656854     5686.782076     339.797187     54.237476     2.000000     447617.000000     26557.271378     1663.003534          b
9.656854     15889.921694     328.651899     31.426938     2.500000     377155.500000     7668.423866     204.633884          b
2.828427     14108.744735     296.041500     29.866628     101.500000     393415.000000     8069.123266     211.631568          b
14.242641     18241.714752     374.744421     32.540864     8.500000     395566.500000     8076.249683     208.676814          b
2.000000     15453.241333     329.651051     35.555802     19.000000     398352.500000     8306.022180     227.742391          b
23.313708     15478.811961     318.660888     30.533220     9.000000     375162.000000     7612.404189     202.468724          b
4.000000     10614.066131     233.831400     34.204869     0.500000     400874.000000     8326.129497     235.054479          b
2.000000     17807.322830     486.720746     55.100689     2.000000     403711.500000     10377.352587     367.158641          b
2.000000     13828.227930     353.030980     44.932685     2.000000     403455.500000     9859.640938     330.259845          b
5.656854     13458.532409     362.452466     44.124195     2.000000     412339.500000     10688.406706     363.562122          b
145.982755     14666.776260     363.354469     43.855470     665.500000     426170.500000     10000.516535     312.435883          b
5.656854     5699.828758     351.311859     53.871021     2.000000     447109.500000     27461.807809     1767.316288          b
3.414214     12205.969799     320.280633     41.992793     0.500000     420347.500000     10492.984892     348.835616          b
2.000000     9321.746158     264.775840     40.388419     2.000000     423975.500000     10757.046339     368.658098          b
2.828427     11524.021535     323.183908     37.542410     407654.000000     407654.000000     10864.067422     367.090135          b
2.000000     10773.095568     280.866931     35.944138     3.000000     432774.000000     10598.090752     325.639089          b
4.000000     8494.940909     225.526445     31.526029     429678.000000     429678.000000     10891.874194     334.716260          b
2.000000     5599.565908     181.854623     35.166767     2.000000     455873.000000     12499.696035     436.332084          b
5.656854     7082.091064     239.547414     35.865061     2.000000     219083.500000     6788.931883     341.710722          b
6115.303056     6115.303056     188.206481     36.064907     453348.500000     453348.500000     12821.453354     451.006784          b
27.556349     9613.143131     264.559627     39.684301     45.500000     426711.500000     10658.734357     356.134891          b
2.000000     9060.043501     240.951677     30.914927     2.000000     423282.000000     10871.140081     337.132586          b
5.656854     4572.996156     257.108972     42.722306     2.000000     458682.500000     25479.743267     1482.687307          b
2.000000     11745.789003     318.124997     34.098194     2.500000     412055.500000     10797.379958     346.236445          b
6.000000     12435.800312     341.962980     39.073730     11.500000     421137.000000     11017.291032     371.752221          b
4.000000     11362.208265     301.500683     32.337754     397459.000000     397459.000000     10355.560660     326.322132          b
5.656854     12395.543398     333.483264     34.138579     2.000000     409160.500000     10692.104767     341.144710          b
20.242641     5829.087766     175.558322     34.384121     20.500000     462276.500000     12694.178977     430.732129          b
21.899495     11358.024504     308.509276     34.097183     30.500000     410233.500000     10730.872614     344.227086          b
5.656854     9195.090185     270.066128     36.382587     1.000000     438034.500000     12419.589693     433.362470          b
2.000000     10598.156532     235.251034     28.054483     250879.500000     250879.500000     4980.189144     169.731343          c
4.000000     14221.369189     251.886641     26.539716     2.000000     352725.500000     5931.889060     144.458404          c
5.656854     13549.428059     249.126847     27.669691     2.000000     241709.500000     4243.250845     125.492424          c
0.000000     15504.531865     282.005194     27.748864     0.000000     238478.000000     4111.509501     120.235474          c
5.656854     11861.408401     211.385089     17.683679     1.000000     419546.000000     7224.516536     154.193853          c
5.656854     10311.355456     156.349151     16.108651     2.000000     431786.000000     6372.048685     115.134879          c
10047.331070     10047.331070     159.483470     16.531122     406615.000000     406615.000000     6217.730643     119.817025          c
5.656854     7423.776477     145.319254     17.108140     2.000000     310527.500000     4642.541692     102.612476          c
8.828427     16999.981777     261.735998     17.582390     1.000000     315658.000000     4823.678602     95.278400          c
17.313708     11236.882700     191.443546     18.004024     15.000000     165322.500000     3255.058716     89.218581          c
5.656854     3470.513841     76.445170     13.526878     2.000000     469854.000000     9925.298300     224.717634          c
4.000000     18240.439709     358.575386     28.896225     23.500000     286140.500000     5476.455117     154.505825          c
4629.405318     4629.405318     129.304740     15.275809     469130.000000     469130.000000     12991.151745     374.868764          c
5.656854     3065.889389     93.917327     15.024763     2.000000     474076.500000     13675.049629     417.883014          c
5.656854     3314.465071     91.937661     15.353736     2.000000     473795.000000     11608.504439     314.821128          c
2.000000     9966.356331     208.294889     29.641993     2.000000     418793.000000     8528.832940     221.708005          c
2.000000     11867.241878     252.147168     32.391365     17.500000     417798.000000     8659.814662     236.088058          c
5532.519226     5532.519226     111.377768     15.805715     451436.500000     451436.500000     7934.281549     163.504781          c
4.828427     7699.311402     209.090852     27.907679     1.000000     434937.500000     11411.485466     344.788567          c
15.414214     6081.840072     194.465861     26.203567     5.500000     458487.000000     13332.502853     434.990279          c
5.656854     3761.106768     129.979666     20.909265     2.000000     465187.000000     15983.586731     574.377660          c
889.227482     7453.061624     209.164914     26.730622     10572.500000     417837.500000     11132.354138     346.121631          c
19660.163790     19660.163790     374.698252     28.250512     277190.500000     277190.500000     5200.395032     141.508947          c
5.656854     3908.060085     128.397561     20.326175     2.000000     469572.500000     12786.029568     380.047443          c
5.656854     3201.352373     97.793177     18.279650     2.000000     467329.000000     14141.750847     449.239688          c
2.000000     6806.419926     185.383202     20.077765     0.500000     407723.500000     10837.707835     319.469323          c
5.656854     5712.661357     147.744761     17.310250     2.000000     433772.500000     11169.959169     303.062044          c
5.656854     3147.269113     77.570513     15.288539     2.000000     474221.000000     11548.896410     296.104154          c
2.000000     6208.842159     154.209341     20.669226     8.500000     421791.500000     9974.093153     265.543879          c
5.656854     3539.869179     83.175423     16.698150     2.000000     472370.500000     10934.859175     271.083110          c
2.000000     6198.724409     152.545028     22.496636     12.500000     390400.500000     9023.281819     248.323639          c
5.656854     8355.661693     200.659086     25.278985     2.000000     406119.000000     9702.171449     263.988292          c
2.000000     8061.114571     276.347466     43.569330     0.500000     217947.500000     6549.026275     325.881974          c
4.000000     18443.084372     354.825481     29.381106     328935.000000     328935.000000     6176.181468     159.486282          c
2.000000     8974.054815     236.104930     31.169151     1.000000     339229.500000     8540.568726     279.759975          c
3.414214     14867.224085     374.779792     34.188427     0.500000     317872.000000     7918.972002     254.814206          c
2.000000     14922.375446     398.989823     39.086845     3026.000000     210136.000000     5635.442263     248.710963          c
2.000000     17845.157521     487.219670     44.122721     0.000000     191451.000000     5101.558864     225.790390          c
3.414214     6839.272742     152.150193     23.638533     0.500000     379759.500000     7695.149498     197.289700          c
4.000000     6957.149060     229.989355     30.996868     64660.500000     272244.000000     6284.270423     221.897939          c
27.071068     13988.596671     394.853033     40.471218     34.500000     118810.000000     3384.636070     179.383516          c
2.000000     11682.136322     248.225955     23.651154     2.000000     410830.500000     8576.915150     214.974074          c
4.000000     6141.795476     119.394210     18.447524     22.000000     434294.000000     7543.255248     160.748343          c
8969.876984     8969.876984     144.307396     15.782301     433435.000000     433435.000000     6642.638536     121.978541          c
0.000000     9256.024501     239.350493     32.062413     0.000000     107380.500000     2317.386957     120.174649          c
10082.103591     10082.103591     149.952455     15.011512     417975.500000     417975.500000     6058.180213     104.770321          c
302.450791     12726.546694     213.048503     19.584005     1709.000000     311043.500000     5063.606920     108.956182          c
15636.132812     15636.132812     256.280581     21.206573     352216.500000     352216.500000     5675.753681     120.469115          c
13.656854     11365.547571     309.387536     34.788772     9.000000     80006.500000     2567.766454     166.504637          c
19.071068     14619.775381     374.832231     35.194689     10.500000     147492.000000     4169.121238     188.409804          c
14.828427     13709.369186     340.599334     34.547223     4.000000     145959.500000     3631.838904     175.094130          c
2.000000     17228.920816     372.904928     28.139919     4.500000     236071.500000     5012.326134     150.851531          c
4.828427     15685.868750     324.086362     27.426813     1.000000     323174.500000     6527.491700     173.683408          c
2.000000     13752.931467     294.177049     29.868845     116.000000     342425.000000     6930.599763     217.994854          c
3.414214     17114.088211     328.343015     27.335329     0.500000     385660.500000     7355.417319     202.050763          c
2.000000     13237.729581     284.986677     27.139460     1.500000     141527.000000     2753.335654     108.943726          c
3.414214     16877.727820     314.855062     27.878137     0.500000     369451.000000     6758.341369     166.688878          c
8.242641     14124.862489     256.708993     25.751051     403781.000000     403781.000000     7206.955950     169.456397          c
4.828427     6587.551083     174.799878     20.506136     1.000000     118294.500000     2716.486898     104.030779          c
6.828427     9896.330194     192.355493     18.518567     2.000000     133223.000000     2850.162806     98.393819          c
11.414214     12574.463432     208.541072     18.152089     3.500000     326783.500000     5305.793439     124.439959          c
2.828427     6814.764286     136.881428     17.822322     303.000000     227238.500000     4369.178889     133.444596          c
5926.408613     5926.408613     111.512336     17.059639     456357.000000     456357.000000     7594.367949     153.323009          c
5.656854     9246.775599     167.778261     18.815093     2.000000     411970.500000     7304.647060     155.485696          c
1157.761534     8161.388736     162.173386     19.686727     13986.500000     378542.500000     7341.250100     173.893313          c
307.095453     5919.165096     121.713552     18.625380     2009.500000     385806.500000     7418.053672     174.810243          c
14.242641     8615.046798     211.907571     26.428355     6.500000     80084.000000     1601.887664     87.784911          c
4.000000     7597.051520     134.426807     17.121067     412095.500000     412095.500000     6924.356932     143.280344          c
2.000000     7641.554047     136.997279     17.446984     415652.000000     415652.000000     7077.559175     150.503033          c
8.828427     13902.276703     231.240464     18.486808     3.000000     401794.500000     6605.160626     130.874493          c
9.071068     13100.688825     209.640285     17.710533     0.500000     392881.500000     6150.504717     119.881511          c
0.000000     6510.247477     126.257361     17.003398     0.000000     193738.500000     3880.134015     111.097401          c
4104.110063     6837.551080     128.816622     16.868373     133269.000000     214683.500000     3802.701142     104.544886          c
4.000000     10397.533287     260.443487     34.559419     46.500000     75812.500000     2028.307190     115.664535          c
7.414214     13422.193439     287.798235     32.215539     13.000000     246409.500000     4792.899102     146.849239          c
12.242641     10641.494623     275.992271     33.601625     5.500000     115499.500000     3103.131452     144.346656          c
5.656854     13735.558882     265.021458     25.440299     2.500000     343376.000000     6512.288472     165.826342          c
4.828427     4887.241215     132.806449     24.441631     15.000000     48571.000000     1029.477437     70.255665          c
2.000000     14645.864574     262.650818     29.843839     10.500000     376659.500000     6558.254755     155.383475          c
13.414214     11879.709918     204.929414     26.188542     1.500000     428623.500000     7138.441887     151.921242          c
5.414214     8881.530872     156.516807     23.722181     0.500000     405815.500000     6842.431614     150.563670          c
2.828427     10525.882367     187.280376     28.469299     384150.500000     384150.500000     6498.788611     146.895678          c
2.000000     9965.698601     202.516275     29.310325     9.000000     316857.000000     6043.682614     163.400109          c
6.000000     22465.375234     542.355884     51.360919     10.500000     174004.000000     4122.289152     183.642499          c
4.000000     26812.124023     670.796109     51.791726     1.000000     163601.500000     4068.712143     172.348550          c
262.551296     26865.289665     653.378996     51.657349     525.500000     244748.500000     5845.685542     226.012174          c
2.000000     17502.178614     418.558250     49.147876     12.500000     352019.000000     8140.664151     281.150107          c
4.000000     12035.831838     347.267145     43.972141     75.000000     242094.500000     5479.417711     214.775254          c
2.000000     18496.027582     335.176229     28.703358     346572.500000     346572.500000     6175.457234     152.045368          c
4.000000     12790.833925     291.297837     42.742853     14596.500000     324355.000000     7030.371676     238.558810          c
14.828427     17036.389729     347.595296     39.322085     8.000000     389552.000000     7745.715231     226.544826          c
5.414214     21229.180152     406.317894     33.784195     1.500000     273295.000000     5128.052853     151.696322          c
2.000000     17329.621384     408.127406     47.571022     13.000000     387748.500000     8609.455866     288.694595          c
3.414214     13835.680808     305.855879     38.755003     0.500000     370220.000000     7393.926603     236.729265          c
5.414214     17386.678174     344.319989     35.252583     1.500000     310163.000000     5954.917213     182.319561          c
6.000000     15688.105457     333.019774     33.596906     5.500000     133961.000000     2750.181752     122.788355          c
10.000000     19885.244960     407.352511     32.283513     45.500000     292255.000000     5865.483583     174.113381          c
4.000000     17962.283294     361.650604     30.661453     42.500000     322297.500000     6373.004523     180.759252          c
2.000000     13537.389396     270.524703     28.724044     0.500000     347718.500000     6737.676505     182.849456          c
2.000000     7233.657516     250.430157     47.666820     0.000000     439911.000000     14771.339708     620.369639          d
4.000000     6502.883789     240.059908     48.838595     0.500000     439981.000000     15772.472353     686.424710          d
5.656854     3875.290532     116.902925     29.305846     2.000000     471050.500000     13829.404743     455.898619          d
93.455844     7778.274825     297.529263     57.620877     172.000000     434418.000000     15888.881716     744.979920          d
5.656854     6236.315247     239.973458     50.830263     2.000000     444538.000000     16478.567325     749.127235          d
5.656854     7604.510326     282.663623     51.317296     2.000000     440270.000000     15952.363786     709.933640          d
5.656854     5014.740442     214.567936     52.262345     2.000000     459799.500000     18113.697363     879.655280          d
5.656854     5654.234956     211.526188     48.088380     2.000000     455888.500000     16312.807552     715.470513          d
2.000000     1511.457052     77.103707     23.850217     15.000000     20349.500000     520.002967     56.081167          d
10.242641     4261.511206     114.734987     22.552854     5.500000     40508.000000     964.284830     68.272572          d
3650.058329     3650.058329     112.528036     23.601831     34547.500000     34547.500000     888.409274     69.296226          d
2.000000     4749.099081     109.268140     22.937722     8.500000     45346.000000     1023.679734     66.511023          d
4746.674430     4746.674430     177.746627     43.598612     464131.000000     464131.000000     16287.555897     684.412454          d
14.828427     2191.838864     82.087181     21.636587     3.000000     25246.500000     746.803487     61.664022          d
6.000000     2385.596223     83.085482     20.659457     9.500000     25044.000000     823.765596     64.108157          d
2.000000     3138.446069     89.480554     20.266027     0.000000     30191.000000     924.400887     65.328331          d
2.000000     3370.754724     98.139938     20.438967     96.500000     30201.500000     953.304144     66.500986          d
2.000000     3277.985172     96.118143     20.610116     1.500000     30194.500000     879.519493     63.820956          d
2.000000     4037.930474     119.419729     20.297437     0.000000     69635.500000     1465.720441     73.596265          d
5.656854     3571.313163     112.657270     21.270162     2.000000     63144.500000     1408.994075     75.793675          d
2.000000     3400.033944     111.250152     20.974715     1.000000     48498.500000     1299.084969     77.821945          d
2.000000     6756.353914     121.186226     22.731275     464179.000000     464179.000000     7824.137712     165.193947          d
2.000000     10176.353366     176.910719     24.088487     447428.500000     447428.500000     7528.089012     161.411099          d
20.485281     8731.700352     322.771172     56.250899     9.000000     416819.000000     14869.451988     675.926115          d
2.000000     5158.671465     92.867082     20.351078     48.500000     468075.500000     8036.733019     164.555883          d
2.000000     4835.686623     89.802705     19.901060     1.000000     469712.500000     8322.758204     172.928392          d
7.414214     6246.908176     117.215778     21.546459     2.500000     455842.000000     8068.424650     172.898778          d
9587.285264     9587.285264     175.238331     23.157968     450706.500000     450706.500000     8025.448525     174.384237          d
5.656854     7453.345895     137.604114     23.029333     2.000000     431408.500000     7608.756931     168.094897          d
2.828427     7205.966172     135.097081     22.491967     2.000000     439965.000000     7749.095553     170.230769          d
2.000000     5723.573047     104.978877     19.760915     1.000000     467062.500000     8255.168308     171.836563          d
4.828427     6278.315249     113.286868     21.131353     2.000000     463825.000000     8043.680977     168.734958          d
16.828427     7856.139832     138.651826     21.756925     7.000000     457122.500000     7794.002061     163.395318          d
4.828427     7428.149938     135.332769     22.435256     2.000000     459141.500000     7766.378500     164.732618          d
5.656854     7501.806791     292.699347     59.183852     2.000000     420790.500000     15289.153632     721.764861          d
13.656854     8079.828212     149.868848     22.854016     6.000000     455678.000000     7821.129280     170.101325          d
2.000000     9367.739021     168.505685     23.008592     5.000000     451008.000000     7757.619636     168.159763          d
2.000000     7549.370283     142.984136     23.524140     455241.500000     455241.500000     7921.788130     176.478353          d
2.000000     9811.025381     187.181340     24.589848     2.000000     440269.500000     7731.274104     178.900955          d
2.000000     14594.942780     260.970985     24.264954     0.500000     413831.500000     7054.610330     159.529301          d
4.000000     13715.347765     246.405806     24.636179     53.000000     386847.000000     6606.939957     154.836827          d
4.000000     13465.281751     239.506501     24.301738     22.500000     386496.500000     6613.471433     152.720971          d
2.828427     6338.086887     121.577027     22.251756     2.000000     439765.500000     7783.138197     171.860006          d
5.656854     7722.490117     142.370900     22.926261     2.000000     409766.000000     7120.023608     158.398280          d
5.656854     8344.161252     150.611501     22.502233     1.500000     426759.000000     7449.510512     162.059738          d
2.000000     8264.345014     325.503793     60.913132     32.000000     397368.500000     14764.230121     720.776243          d
4.000000     6707.015820     127.307488     21.430474     110.500000     461790.000000     8435.321384     183.681409          d
35.556349     7406.368194     142.356052     22.213376     65.500000     458018.000000     8194.695545     180.476152          d
19.656854     8545.315581     158.871345     23.618680     12.000000     455145.500000     7970.856589     178.035879          d
6417.996488     6417.996488     124.501502     23.134888     463676.000000     463676.000000     8241.865595     183.885466          d
3.414214     5496.377089     104.490128     20.132495     466415.500000     466415.500000     8584.292563     185.086581          d
5.656854     4655.485612     89.965398     19.916680     469411.500000     469411.500000     8659.993850     186.810010          d
5.656854     6062.325354     159.072193     26.919796     1.000000     459652.000000     11919.172300     350.030619          d
5.656854     3955.314918     113.044207     25.986878     2.000000     471135.500000     13051.087680     403.559524          d
3.414214     4531.939369     136.585740     25.564709     0.500000     468162.000000     13864.936020     450.067164          d
5.656854     3922.611380     101.406971     24.530030     2.000000     471668.000000     11728.970382     332.048267          d
2.000000     4247.228690     167.914273     49.146434     467401.000000     467401.000000     16661.257309     738.681934          d
2.000000     3930.209361     104.372115     23.875944     32.000000     469499.000000     12101.626488     349.533245          d
5.656854     3374.773726     96.726997     22.482216     2.000000     473000.000000     13067.911150     394.978610          d
2.000000     3719.307778     103.610968     23.136669     2.000000     471494.000000     12728.559637     378.899708          d
2.000000     4089.966718     107.372446     26.133642     1.500000     469929.500000     11621.669008     333.877601          d
5.656854     3742.905756     99.612673     24.322459     2.000000     471144.000000     12052.398528     349.081860          d
5.656854     3470.957491     94.505623     24.400455     2.000000     472439.500000     12321.640931     362.331518          d
3855.314917     3855.314917     101.959594     24.025529     471400.500000     471400.500000     12000.289831     345.752918          d
4362.015489     4362.015489     113.875162     24.965260     468832.500000     468832.500000     11706.027137     334.147536          d
2.828427     4574.105889     119.808659     28.530797     2.000000     464395.000000     11442.997476     335.171324          d
2.000000     3606.354460     99.712061     22.798207     18.000000     471904.500000     12625.141151     372.393983          d
5.656854     5481.340511     208.745867     49.088489     2.000000     458377.000000     16561.798755     735.804575          d
5.656854     3298.690467     97.671597     23.633492     2.000000     473064.000000     13520.907352     423.448896          d
2.000000     4431.980999     110.759367     25.537883     468410.500000     468410.500000     11146.193114     308.813031          d
0.000000     5374.085679     133.877542     26.384522     0.000000     466179.000000     11211.205412     314.471354          d
5.414214     5029.375002     129.729630     28.946867     1.500000     459320.000000     11243.178933     328.699341          d
2.000000     4596.667291     105.760157     26.456315     8.500000     468246.500000     10348.859715     270.645894          d
4.000000     4093.013402     105.549126     28.423010     470744.000000     470744.000000     11702.131672     336.474954          d
2.000000     3595.567663     99.615201     27.513659     2.000000     472759.000000     12571.490880     378.026539          d
2.000000     3885.290532     107.543954     26.726377     258.500000     470173.500000     12489.974368     375.472105          d
5.656854     3794.680361     106.140854     28.172795     2.000000     470760.000000     12466.145261     381.108772          d
5.656854     3664.940246     101.887763     28.615975     2.000000     472039.000000     12345.123107     376.176249          d
5.656854     7674.517466     286.226808     53.066896     2.000000     433722.500000     15783.448429     707.522546          d
36.142135     3964.829636     108.317865     29.120565     39.000000     470464.500000     12110.891586     366.131963          d
5.656854     4265.096660     112.757495     29.803437     2.000000     469807.000000     11878.765779     350.802943          d
4211.966720     4211.966720     110.270354     27.487670     470064.500000     470064.500000     11938.846615     346.781149          d
2.000000     4379.831722     120.713846     25.417867     469568.000000     469568.000000     12750.928750     382.484502          d
2.000000     3955.841828     113.621177     27.197434     2.000000     471362.000000     13027.896380     408.601300          d
2.000000     4473.797231     129.575590     28.469510     467201.000000     467201.000000     13161.456932     421.671962          d
4124.971771     4124.971771     110.884399     27.848717     470711.500000     470711.500000     12288.790660     364.575375          d
5.656854     3954.285480     107.525586     27.400490     2.000000     470732.500000     12486.657552     373.748239          d
5.656854     3641.182886     102.639701     26.714810     2.000000     471978.500000     13004.654845     399.846125          d
5.656854     3763.023507     112.376143     26.568837     2.000000     472038.000000     13734.919277     441.679237          d
4.828427     5276.321176     249.612449     59.463356     1.000000     450741.000000     19775.805498     1069.078998          d
2.000000     3560.129064     102.564638     26.697089     472980.500000     472980.500000     13178.269317     411.704740          d
5.656854     3405.158502     101.404284     28.154891     2.000000     471909.500000     13531.988458     438.302058          d
5.656854     4111.824582     111.559632     27.715732     2.000000     470533.500000     12446.387809     373.876751          d
5.656854     3895.515926     105.953404     27.201426     2.000000     471199.500000     12481.506134     373.828652          d
5.656854     3800.704744     106.835565     27.337200     2.000000     471376.000000     12943.874924     399.517736          d
5.656854     4340.518014     117.354752     27.194477     2.000000     470437.000000     12505.252079     374.736563          d
5.656854     3908.160589     110.330527     27.092416     2.000000     471674.000000     13035.918796     402.989679          d
5.656854     4114.126099     120.186991     27.384533     2.000000     470471.000000     13507.379690     429.430281          d
2.000000     3536.898617     106.670503     27.579029     2.000000     472430.500000     13828.359544     448.552744          d
2.000000     3742.136204     110.380692     27.952233     2.000000     471945.000000     13521.829140     432.884552          d

