id/name    minimPerim   maximPerim   deviatiePerim    mediePerim   minimArie   maximArie   deviatieArie    medieArie  tip 
0    2.000000     574.600065     36.584891     24.176139     0.500000     2724.500000     121.989239     44.732981          a
1    2.000000     574.014279     38.249388     25.014428     2.000000     1827.000000     112.433856     46.219060          a
2    5.656854     573.428492     37.276072     24.413032     2.000000     1826.500000     108.556258     43.773028          a
3    2.000000     321.563489     30.629292     23.387247     0.500000     1079.500000     85.353594     40.480593          a
4    2.000000     338.776692     32.604363     23.702425     1.500000     1474.000000     91.312844     40.961982          a
5    4.000000     342.634556     32.664730     23.274288     2.000000     1473.000000     95.987699     40.291889          a
6    2.828427     480.901583     33.945746     23.939325     2.000000     1739.500000     103.210276     42.789288          a
7    5.656854     566.298551     33.099607     22.988272     2.000000     1532.000000     93.561253     39.679285          a
8    5.656854     567.955406     34.734770     24.376718     2.000000     1530.000000     93.057354     41.978482          a
9    5.656854     322.107645     31.574487     23.742070     2.000000     1474.000000     85.761593     39.883640          a
10    5.656854     370.475175     31.567386     19.752446     2.000000     1168.000000     86.818852     31.160333          a
11    2.000000     566.884338     34.494408     23.798286     2.000000     1532.500000     95.768403     41.102115          a
12    4.000000     343.462983     31.357175     23.274254     1.000000     1464.500000     86.246948     39.274855          a
13    5.656854     372.090400     32.575220     23.494078     1.000000     1516.000000     90.860947     39.856772          a
14    4.828427     526.014280     35.577229     25.458902     2.000000     1680.000000     120.544780     52.440056          a
15    2.000000     226.793937     29.691271     24.736587     21.500000     844.500000     98.759458     49.145578          a
16    4.828427     526.014280     39.920048     26.119869     0.500000     2692.500000     153.098054     55.443580          a
17    10.828427     190.894442     16.097544     14.528703     3.000000     390.500000     29.561772     16.138053          a
18    3.414214     239.764499     15.563066     13.976014     0.500000     339.000000     24.730591     14.167888          a
19    3.414214     239.764499     15.733753     14.080557     0.500000     339.000000     23.849158     14.001256          a
20    2.000000     239.764499     16.608012     13.854593     0.000000     448.500000     29.559793     15.080294          a
21    5.656854     435.688379     32.726152     19.102524     2.000000     2079.500000     99.899601     30.959417          a
22    3.414214     238.936072     15.748223     14.514053     0.500000     340.000000     26.112178     15.350378          a
23    2.000000     120.710677     14.678837     14.052475     0.500000     192.000000     22.985410     14.260714          a
24    2.828427     239.764499     16.217236     13.744497     0.500000     446.500000     29.157132     15.261995          a
25    4.000000     133.781744     15.998336     14.113459     0.000000     331.000000     27.337416     15.054561          a
26    4.000000     168.409161     16.053607     14.450604     2.000000     195.500000     24.326577     14.649888          a
27    2.000000     134.367531     16.291186     13.732111     3.000000     341.500000     30.317367     15.249596          a
28    4.000000     166.409161     16.735757     14.033087     5.000000     342.500000     26.652959     13.839904          a
29    2.000000     105.012193     15.345279     13.830214     17.000000     177.000000     22.142132     12.774220          a
30    4.828427     123.053823     16.222479     14.103942     0.500000     342.500000     30.069118     15.356979          a
31    2.000000     105.012193     15.420370     14.016649     0.500000     341.500000     24.628431     13.558338          a
32    5.656854     371.646748     30.441042     21.000149     2.000000     1168.000000     81.662474     33.106888          a
33    2.000000     105.012193     15.118116     14.136899     2.000000     177.000000     22.263410     13.161453          a
34    0.000000     252.936072     22.885834     15.979319     0.000000     723.500000     50.217680     19.911845          a
35    4.000000     252.936072     20.508901     15.434904     2.000000     646.500000     45.727076     18.795045          a
36    4.000000     252.936072     19.745810     15.147995     2.000000     568.000000     40.593341     17.868546          a
37    7.656854     227.438599     22.213556     16.351462     4.000000     1191.500000     59.680361     21.282833          a
38    2.000000     501.872144     27.099750     16.669897     0.500000     1129.000000     64.404577     21.897685          a
39    0.000000     499.872144     28.450161     17.551954     0.000000     1132.000000     65.080886     23.627843          a
40    2.000000     263.379723     22.217409     16.055436     1.500000     882.500000     52.368818     20.444092          a
41    5.656854     252.936072     18.973678     14.986227     2.000000     570.000000     39.791099     17.569444          a
42    5.656854     252.936072     19.890808     15.091253     2.000000     739.500000     46.258345     17.998810          a
43    2.000000     435.445739     31.256234     20.940109     0.500000     2082.000000     94.126626     34.170401          a
44    8.242641     215.923880     22.963877     17.404957     1.500000     1183.500000     66.145559     22.542657          a
45    6.000000     264.592927     23.342910     15.104826     15.500000     1239.000000     72.496074     19.730219          a
46    2.000000     262.592927     21.065608     14.197921     4.500000     1240.000000     62.948137     17.262338          a
47    2.000000     167.338093     17.392541     13.874681     9.500000     479.000000     33.976603     15.414644          a
48    5.656854     229.379723     25.061971     16.825243     2.000000     1048.500000     78.166736     23.598919          a
49    5.414214     262.592927     28.196771     17.721872     2.000000     1237.000000     89.225119     26.391032          a
50    2.000000     262.007140     25.737935     16.480549     2.000000     1241.500000     77.763602     22.926740          a
51    5.656854     233.965510     21.487452     16.222037     0.000000     1024.000000     54.255360     20.056637          a
52    2.000000     155.053823     18.831802     15.551938     48.000000     387.000000     33.504538     17.403114          a
53    2.000000     373.303603     27.029658     19.178489     84.000000     713.000000     55.500659     25.694567          a
54    2.000000     435.688379     33.315857     19.765514     0.500000     2079.500000     101.472629     32.739049          a
55    2.000000     188.066015     20.160189     17.205171     3.500000     363.500000     34.073047     18.943033          a
56    2.000000     218.793936     20.661450     17.398953     2.000000     407.000000     33.852922     18.843465          a
57    2.000000     218.551296     20.333227     17.385973     2.000000     269.500000     33.183879     19.279851          a
58    2.000000     336.433545     27.563161     18.261390     193.500000     979.500000     77.731425     28.051914          a
59    9.656854     433.445739     32.409731     19.709082     7.000000     2079.000000     98.635312     31.968269          a
60    5.656854     584.742200     37.358983     23.724857     2.000000     2744.500000     124.882227     43.221758          a
61    2.000000     305.806129     30.171774     20.268678     46.000000     774.500000     73.768721     30.338733          a
0    5.656854     318.475174     30.936560     22.033795     2.000000     1650.000000     105.633780     38.701313          b
1    3.414214     391.102592     35.219073     24.451891     0.500000     1648.000000     116.795114     43.890427          b
2    5.656854     390.592927     34.855261     23.565518     2.000000     5719.000000     266.716141     51.149718          b
3    5.656854     456.977702     38.281023     23.047344     2.000000     1649.000000     134.664490     42.655147          b
4    2.000000     680.156415     40.993368     24.869030     2.000000     2534.000000     135.881542     47.599415          b
5    2.000000     406.901582     38.558544     22.726811     0.500000     1652.500000     129.547464     41.130584          b
6    2.000000     681.570629     48.087560     25.728926     2.000000     2536.500000     173.695949     51.673108          b
7    5.656854     563.470123     39.104352     24.801055     2.000000     2105.000000     121.368345     44.016585          b
8    2.828427     392.516806     37.157784     24.442585     0.500000     1647.500000     115.973291     44.153846          b
9    2.828427     391.688379     33.319541     23.175439     0.500000     1647.500000     100.375734     40.060048          b
10    5.656854     229.622364     15.169543     11.832893     2.000000     822.000000     32.501042     11.967841          b
11    5.656854     394.759447     34.311166     21.560906     2.000000     1653.000000     120.006316     38.596491          b
12    5.656854     228.107645     13.664448     10.966988     2.000000     392.500000     24.341445     10.119727          b
13    5.656854     192.066015     13.023514     10.736140     2.000000     371.500000     24.113517     9.841163          b
14    2.828427     192.066015     13.966762     11.073513     2.000000     389.000000     27.599806     10.697512          b
15    5.656854     192.066015     16.528137     11.896366     2.000000     514.000000     35.118519     12.791734          b
16    5.656854     222.752307     13.749674     10.584989     2.000000     560.500000     26.738813     9.830511          b
17    3.414214     222.752307     12.658995     10.369337     0.500000     559.500000     23.160648     9.265656          b
18    5.656854     230.450791     15.164225     11.609471     2.000000     825.000000     31.879550     11.555098          b
19    5.656854     166.166520     13.046368     10.954840     2.000000     366.000000     22.641415     9.945631          b
20    5.656854     222.752307     13.651803     10.485850     2.000000     564.000000     26.636050     9.654506          b
21    0.000000     215.622364     17.807345     12.852404     0.000000     510.000000     36.531307     14.619587          b
22    9.071068     391.102592     37.201158     23.819576     5.500000     1650.000000     117.566522     43.479562          b
23    2.000000     307.906634     18.599918     12.849334     2.000000     879.000000     40.139533     14.183876          b
24    5.656854     334.190905     20.216518     13.176873     2.000000     859.000000     43.663912     15.090446          b
25    14.000000     334.190905     20.888104     12.950232     0.000000     857.000000     44.889616     14.952077          b
26    5.656854     334.190905     19.092224     12.688745     2.000000     858.000000     42.192966     14.586347          b
27    5.656854     209.379723     17.011633     12.397427     2.000000     491.500000     32.930200     13.474113          b
28    2.000000     209.137082     16.756405     12.483211     1.000000     647.500000     33.790388     13.299489          b
29    5.656854     277.521859     17.610920     12.571124     2.000000     656.000000     34.489607     13.210371          b
30    2.000000     335.605119     19.936486     13.054353     2.000000     859.500000     42.314895     14.558771          b
31    2.000000     372.575681     20.506900     12.772158     0.000000     929.500000     44.060796     14.434567          b
32    2.000000     335.019332     18.454199     12.639759     0.000000     859.000000     39.055737     14.041189          b
33    5.656854     391.102592     36.255536     23.763419     2.000000     1692.500000     127.829265     44.770886          b
34    5.656854     334.190905     18.482718     13.098196     0.500000     858.000000     39.340500     14.663870          b
35    4.000000     373.646749     20.692506     13.799377     152.000000     930.000000     42.638931     15.623736          b
36    5.656854     335.019332     20.088033     13.496477     2.000000     851.000000     41.708315     15.180587          b
37    2.000000     420.274166     19.901863     13.511937     1.000000     904.000000     40.144547     14.901408          b
38    2.000000     421.688379     20.624502     13.764982     2.000000     973.000000     42.756899     15.404794          b
39    2.000000     265.078207     17.284525     12.227311     0.000000     914.000000     36.072403     13.130728          b
40    5.656854     250.994948     22.145414     15.494972     2.000000     653.500000     44.245460     18.679432          b
41    3.414214     367.504614     19.600181     13.850845     0.500000     812.000000     39.229704     15.409962          b
42    2.000000     371.161467     20.180638     13.231452     1.500000     929.000000     43.233991     14.903025          b
43    2.000000     373.404108     20.954260     13.219824     0.000000     928.500000     45.034221     14.856347          b
44    5.656854     341.137083     35.430574     25.796123     2.000000     1690.000000     118.560331     49.793478          b
45    5.656854     277.521859     17.660362     12.776573     2.000000     656.000000     34.982275     13.653661          b
46    3.414214     332.190905     19.090974     12.609759     0.500000     855.000000     40.737564     14.189184          b
47    5.656854     340.149276     21.199394     13.839467     2.000000     858.000000     44.826244     15.913528          b
48    6.000000     351.362478     26.413482     19.768666     0.000000     685.000000     50.458754     26.185105          b
49    5.656854     317.119838     26.782747     20.272519     1.000000     616.500000     52.540543     27.063804          b
50    5.656854     317.119838     25.894041     18.710961     2.000000     565.500000     48.794970     23.442711          b
51    77.597979     245.137083     21.949415     15.747910     128.000000     515.000000     39.924496     17.342118          b
52    8.828427     317.119838     28.158030     21.798923     2.000000     577.000000     55.013164     29.758664          b
53    5.656854     317.119838     24.784051     18.879069     2.000000     564.500000     45.422002     23.499264          b
54    2.000000     235.137083     24.413085     17.931317     0.000000     521.000000     44.137062     21.556452          b
55    5.656854     312.291411     32.407114     24.392814     2.000000     1690.000000     108.985116     45.814124          b
56    2.000000     336.291410     23.337113     15.959190     0.500000     799.500000     43.136797     17.662744          b
57    2.000000     339.362478     22.208032     15.616528     0.500000     806.000000     42.552220     17.420178          b
58    2.000000     317.119838     24.220368     19.199288     2.000000     564.500000     43.902592     23.900723          b
59    2.000000     317.119838     22.257575     16.607376     2.000000     697.000000     40.923312     18.741284          b
60    5.656854     226.651801     20.980581     14.976705     1.500000     628.000000     37.706430     16.056571          b
61    2.000000     289.379723     21.772418     15.403705     0.500000     613.000000     39.171595     16.394104          b
62    2.000000     517.546244     21.842911     14.466294     2.000000     843.500000     35.877689     13.884755          b
63    2.000000     517.303603     21.932735     14.367804     2.000000     844.000000     35.868461     13.667374          b
64    4.000000     516.475176     22.346620     14.449530     1.000000     846.000000     35.708256     13.721753          b
65    2.000000     292.249780     23.173836     15.631676     2.000000     668.000000     44.807846     16.812886          b
66    5.656854     680.984842     40.073934     24.044506     2.000000     2534.000000     135.183785     45.363062          b
67    3.414214     289.421353     24.836730     17.541084     7.000000     670.000000     48.700693     20.759953          b
68    5.656854     293.078208     23.015452     16.693181     2.000000     669.000000     42.957678     18.717888          b
69    4.000000     283.421353     24.781042     18.917223     1.000000     666.000000     46.551741     23.383512          b
70    2.000000     322.190905     23.368249     17.593313     17.000000     560.000000     42.831113     21.336927          b
71    5.656854     291.078207     23.854997     16.955609     2.000000     670.000000     45.697649     19.499768          b
72    5.656854     317.119838     25.246960     19.231870     2.000000     564.500000     46.787663     24.133107          b
73    3.414214     341.019332     31.392768     25.572094     13.000000     657.000000     58.939598     35.620143          b
74    3.414214     344.918827     28.880319     21.448031     0.500000     660.500000     51.530196     27.573869          b
75    11.414214     344.090400     27.385288     19.392211     2.500000     660.500000     46.693995     23.195172          b
76    2.000000     345.504613     29.737543     22.933256     96.500000     659.000000     55.111754     30.834154          b
77    2.828427     682.399056     48.912166     26.135583     4.000000     2532.500000     177.177314     52.873737          b
78    5.656854     315.806129     27.280416     19.831200     1.000000     493.500000     48.698568     25.307143          b
79    2.000000     315.563489     26.077692     18.700584     9.000000     495.000000     46.594662     23.236520          b
80    2.000000     245.279218     21.133643     15.735663     1.000000     462.000000     36.249790     17.534348          b
81    2.000000     242.107645     21.883471     16.711290     2.000000     637.000000     41.330072     20.456864          b
82    0.000000     290.977702     19.967876     15.006855     0.000000     593.500000     41.364391     18.267888          b
83    5.656854     402.333040     21.477133     15.417488     2.000000     683.000000     43.474032     18.269515          b
84    5.656854     247.137083     19.640665     15.054911     2.000000     345.500000     29.645885     15.536686          b
85    2.828427     271.178712     20.432581     15.688075     0.500000     578.500000     40.147321     18.599229          b
86    58.384776     315.806129     25.350347     18.311461     64.500000     493.500000     46.358874     22.927680          b
87    4.828427     185.237588     17.762554     14.734396     1.000000     391.000000     34.525473     17.104080          b
88    5.656854     598.440686     40.244428     24.850082     2.000000     2167.000000     124.489237     44.165597          b
89    2.000000     244.450791     17.644411     14.469559     0.500000     461.500000     30.527579     15.915941          b
90    5.656854     315.563489     24.062828     17.111245     2.000000     482.000000     42.141214     20.228406          b
91    6.000000     354.291411     20.241280     15.005148     3.500000     580.500000     37.222441     17.233473          b
92    5.656854     244.450791     18.277087     14.646035     1.000000     461.500000     32.235194     16.354742          b
93    2.000000     270.350285     22.210208     16.508803     5.000000     577.500000     43.424592     20.422690          b
94    5.656854     244.450791     19.083705     14.841338     2.000000     462.500000     32.469112     16.325615          b
95    0.000000     295.078208     21.513230     15.554155     0.000000     577.500000     43.304993     18.585056          b
0    2.000000     284.592926     19.066491     14.540946     2.000000     657.000000     33.638161     15.431104          c
1    0.000000     201.722869     18.587097     14.690764     0.000000     287.000000     26.810462     13.838889          c
2    2.000000     193.237588     17.512452     13.254110     5.000000     310.000000     26.314525     11.542829          c
3    5.656854     286.149275     19.465748     15.262293     2.000000     546.500000     32.345508     15.442181          c
4    0.000000     162.024385     11.834219     10.258209     0.000000     412.000000     19.000657     8.819119          c
5    2.828427     162.024385     13.633254     10.368191     0.000000     466.500000     22.453934     8.866569          c
6    34.727922     137.781745     12.644410     10.797633     26.500000     327.000000     20.112587     9.344790          c
7    5.656854     141.438598     13.349790     10.042394     1.500000     466.500000     19.210053     7.656927          c
8    2.000000     219.865004     13.555727     10.522768     2.000000     487.500000     20.788019     8.761905          c
9    0.000000     146.367531     12.868088     9.708812     0.000000     190.000000     15.506378     6.629566          c
10    2.000000     255.906635     12.473022     9.264008     2.000000     995.000000     31.002401     8.411533          c
11    2.000000     277.320848     19.473893     15.086731     2.000000     458.000000     32.663019     15.648178          c
12    5.656854     306.676186     14.686035     10.104190     2.000000     890.000000     34.107098     9.771177          c
13    5.656854     281.119838     14.156119     10.347948     0.500000     891.500000     31.694063     10.113298          c
14    5.656854     382.132030     15.073547     10.443052     2.000000     1033.000000     33.229511     10.562288          c
15    10.000000     574.399056     28.134991     16.868335     10.000000     1464.500000     60.250559     20.094986          c
16    2.000000     479.931019     22.875661     15.777135     1.500000     670.000000     43.269675     18.249265          c
17    4.000000     376.634557     27.159919     18.608580     2.000000     1978.500000     82.237013     28.733376          c
18    4.000000     498.658942     30.785253     18.159242     1667.000000     1667.000000     84.706764     27.139676          c
19    2.000000     495.002087     27.825847     18.201773     48.500000     1388.500000     72.101217     26.899849          c
20    2.000000     328.634556     31.696423     21.967367     0.000000     998.500000     85.637342     37.322258          c
21    2.000000     309.948265     23.616998     16.435095     2.000000     1173.500000     56.113521     21.509160          c
22    3.414214     277.906635     19.147696     14.687262     4.000000     458.500000     30.171174     14.238403          c
23    5.656854     499.244728     27.401709     18.594699     2.000000     1392.000000     68.834808     26.776506          c
24    3.414214     328.634557     32.793959     22.632607     0.500000     999.500000     85.805299     37.928184          c
25    2.000000     367.060962     23.501444     17.076208     0.000000     1051.500000     54.391083     22.585415          c
26    5.656854     302.877197     23.142593     17.536559     2.000000     754.000000     51.017417     23.509423          c
27    5.656854     334.818322     25.275872     18.338910     2.000000     869.000000     56.952531     25.525857          c
28    5.656854     383.060962     24.368085     17.042132     2.000000     891.500000     52.309975     22.238017          c
29    5.656854     420.859952     29.732148     19.070689     2.000000     1367.500000     70.748130     27.545897          c
30    5.656854     383.060962     24.017667     16.138044     24.000000     891.500000     51.363705     20.490241          c
31    2.000000     381.203097     24.409431     18.496525     1.000000     999.500000     60.819647     26.414839          c
32    5.656854     239.480229     24.030920     20.856503     2.000000     1072.000000     56.741360     29.315379          c
33    2.000000     196.651802     19.452774     15.908519     1.000000     458.000000     33.619696     17.242983          c
34    0.000000     344.433546     20.516570     14.950287     0.000000     889.500000     41.983947     17.381986          c
35    5.414214     342.433546     22.979712     16.764127     52.500000     888.500000     47.976089     20.495182          c
36    13.656854     240.350286     19.666235     16.846223     7.000000     623.500000     39.168018     20.320336          c
37    0.000000     161.539104     18.719962     19.323477     0.000000     440.000000     37.976214     24.287037          c
38    5.656854     342.433546     19.569800     13.712447     2.000000     888.500000     41.274175     16.174368          c
39    2.000000     340.776692     22.030841     15.602868     0.000000     886.500000     45.888249     18.754643          c
40    2.000000     160.852812     18.528789     16.086236     1.500000     436.000000     32.983956     17.251882          c
41    2.000000     233.622364     22.593942     16.729463     2.000000     743.000000     50.642975     22.057432          c
42    3.414214     400.232535     18.907757     15.315342     0.500000     1011.500000     38.053962     17.630560          c
43    4.828427     275.220343     16.828051     13.359947     0.500000     693.000000     29.455634     13.824208          c
44    6.828427     319.948265     18.683391     13.915724     2.000000     679.500000     34.070619     14.077211          c
45    2.000000     242.811182     15.290331     12.432351     16.000000     428.500000     23.112886     11.731682          c
46    2.000000     201.823375     16.361470     12.526706     4.000000     305.500000     25.873765     12.308279          c
47    6.828427     191.480229     17.306532     12.839154     2.000000     336.500000     28.322106     12.751886          c
48    4.000000     186.994947     19.755549     15.378051     1.500000     378.000000     34.070265     16.631968          c
49    4.000000     260.894442     21.305762     16.655747     2.000000     575.500000     45.685504     21.141162          c
50    19.656854     219.137083     20.718441     15.759063     23.000000     717.000000     48.885272     19.720588          c
51    4.000000     198.894442     18.439913     14.092079     5.000000     411.500000     29.395764     13.380587          c
52    0.000000     215.379723     19.103877     14.510327     0.000000     422.500000     31.414989     14.277755          c
53    3.414214     298.249781     18.996410     14.994830     0.500000     488.000000     25.318810     13.217798          c
54    2.828427     316.391916     18.443582     14.580497     0.500000     662.000000     26.009181     13.006584          c
55    5.656854     151.781744     17.343675     13.035611     1.500000     488.500000     29.478811     12.502911          c
56    2.000000     323.220343     19.358661     14.587162     0.500000     660.500000     27.044406     12.998364          c
57    4.000000     316.149275     19.698789     14.461804     2.000000     660.500000     29.875890     13.622120          c
58    13.899495     171.438599     17.119004     14.073277     12.500000     432.000000     24.295723     12.356705          c
59    25.313708     152.953317     14.755030     12.563548     14.000000     275.000000     21.013854     11.209279          c
60    2.000000     166.852812     15.245552     12.863508     2.000000     278.500000     23.043327     12.190180          c
61    3.414214     166.166520     14.321772     12.542415     0.500000     282.000000     22.808392     12.213141          c
62    5.656854     183.338093     14.021882     11.997155     2.000000     375.000000     23.826661     11.977024          c
63    5.414214     181.923880     15.915371     13.147646     1.500000     381.500000     27.424725     13.606904          c
64    5.656854     118.468036     15.923386     13.248906     2.000000     248.000000     26.305828     13.466944          c
65    28.727922     127.296463     15.662811     12.944124     11.500000     268.500000     26.583261     13.270445          c
66    2.000000     161.338093     17.144928     12.607045     1.000000     335.500000     28.088991     11.861975          c
67    5.414214     150.953317     14.324948     12.128979     0.500000     352.500000     25.025614     12.071842          c
68    2.000000     210.107645     14.694999     12.085611     1.000000     494.000000     23.919478     11.503134          c
69    3.414214     210.107645     15.776165     12.710542     5.500000     494.000000     23.639679     11.423621          c
70    2.000000     210.107645     14.982994     12.716555     0.000000     495.000000     23.632737     11.782196          c
71    3.414214     150.953317     14.815159     12.835218     0.500000     352.500000     23.642523     12.347246          c
72    12.828427     148.852812     14.682269     12.633813     4.000000     431.500000     24.307332     12.244589          c
73    2.000000     324.877197     20.061090     19.448395     3.000000     569.000000     35.215798     23.790925          c
74    2.000000     246.450791     19.422397     17.642991     8.000000     422.000000     33.961816     21.363420          c
75    2.000000     274.936072     20.616617     18.016347     2.000000     544.000000     37.970285     21.494614          c
76    2.828427     301.078208     21.101655     16.641518     22.500000     567.000000     39.659621     20.170650          c
77    2.000000     162.166520     16.171786     12.143032     0.000000     306.000000     27.154532     11.384595          c
78    9.656854     331.119838     25.538886     21.559005     1.000000     622.500000     48.379354     29.191677          c
79    2.000000     371.847759     27.580988     21.572167     9.500000     621.000000     51.398814     29.582255          c
80    2.000000     300.249781     23.586810     18.818768     1.000000     569.000000     44.213047     24.762690          c
81    3.414214     332.534051     27.116201     22.611710     0.500000     622.000000     50.969532     31.402424          c
82    2.000000     205.237588     19.416780     16.401213     1.500000     437.500000     34.095202     19.263905          c
83    9.414214     306.048770     28.000208     20.165399     3.500000     488.500000     44.767452     22.754537          c
84    2.000000     272.450791     25.403583     17.706160     2.000000     480.000000     34.830521     16.344039          c
85    3.414214     402.232535     27.666975     18.511884     3.000000     621.500000     38.178390     16.985632          c
86    2.000000     435.345236     29.355179     19.432558     13.000000     650.500000     42.395682     20.455661          c
87    2.000000     289.906634     26.505420     18.552276     0.000000     356.500000     36.481690     18.309042          c
88    2.000000     245.764499     18.868162     14.855457     0.000000     391.000000     30.023118     14.751747          c
89    5.656854     282.249780     27.520559     18.182508     2.000000     355.500000     35.328258     16.577945          c
90    2.000000     289.906634     26.002229     17.556716     0.500000     431.000000     33.337507     15.654093          c
91    2.000000     255.865005     23.130473     15.448642     0.000000     429.500000     28.834754     12.813236          c
92    6.000000     365.747254     28.324590     18.167303     6.000000     571.500000     38.575552     16.813535          c
93    5.656854     297.261973     25.261605     17.296139     2.000000     404.500000     32.383184     15.407285          c
94    0.000000     283.663994     24.328372     16.000596     0.000000     430.000000     32.017977     14.223024          c
95    2.000000     251.865005     20.835680     16.811155     0.500000     454.500000     33.310771     17.094322          c
96    4.000000     293.078208     22.296832     17.687556     0.000000     401.000000     35.962395     19.413165          c
97    2.000000     293.320848     22.635240     17.913251     2.500000     401.000000     36.367103     19.739308          c
98    0.000000     259.279218     21.503273     17.597803     0.000000     310.000000     33.536073     19.829426          c
0    2.000000     190.409161     22.709440     16.822978     2.000000     500.000000     48.670021     20.843308          d
1    5.656854     415.445739     27.927974     17.068527     2.000000     1810.000000     72.576231     22.799738          d
2    5.656854     540.842706     31.349727     23.374667     2.000000     1949.000000     98.958091     41.180343          d
3    5.656854     214.693432     22.983654     16.697297     2.000000     568.500000     48.851726     20.650937          d
4    5.414214     301.078208     25.980897     18.019896     1.500000     684.000000     55.525250     23.940501          d
5    3.414214     299.906635     25.442810     17.710196     1.500000     688.000000     54.740763     23.344558          d
6    2.000000     274.592926     25.954618     18.709664     2.000000     572.000000     58.868587     26.136996          d
7    2.000000     275.764499     24.378892     16.615867     2.000000     591.000000     54.774828     21.519327          d
8    4.000000     360.333041     21.823979     17.046295     3.000000     689.000000     41.313157     21.725901          d
9    2.000000     319.220343     20.411747     14.966558     1.000000     645.000000     38.854503     18.860465          d
10    2.000000     142.468036     19.118364     16.615531     57.500000     370.500000     37.786241     21.179054          d
11    9.071068     319.220343     21.292493     15.270207     4.500000     644.000000     42.495053     20.586904          d
12    5.656854     260.592926     24.527785     16.482126     2.000000     892.000000     56.212500     22.038706          d
13    5.414214     318.634557     19.912377     14.353528     0.500000     645.500000     36.595430     17.098845          d
14    2.000000     202.551296     18.118571     13.670261     2.000000     377.500000     32.559911     16.175686          d
15    8.242641     169.438599     18.043606     13.397302     3.500000     325.000000     31.852758     15.568581          d
16    16.828427     173.338093     17.454112     13.262764     19.000000     299.000000     30.894034     15.179430          d
17    2.000000     172.509666     17.153358     13.350103     1.000000     298.000000     30.142041     15.415917          d
18    4.000000     137.195958     17.725885     12.996715     1.000000     277.000000     32.503060     15.280763          d
19    5.656854     185.823375     20.305659     14.519532     1.000000     332.000000     42.733181     20.248260          d
20    2.828427     196.308656     19.655161     14.034325     5.000000     376.000000     38.077397     17.645645          d
21    3.414214     211.965510     18.625400     15.051758     2.000000     422.000000     33.257561     16.919613          d
22    2.000000     211.965510     19.171896     15.616384     2.000000     422.000000     32.344647     17.421405          d
23    0.000000     225.279220     22.834063     16.716055     0.000000     568.500000     46.299099     19.949532          d
24    2.000000     197.237588     17.143073     14.356886     2.000000     368.000000     33.157532     16.621224          d
25    3.414214     198.409161     17.454206     13.991273     0.500000     419.500000     34.795015     15.905358          d
26    16.242641     167.438598     16.827730     14.402839     11.500000     347.500000     29.594217     15.696286          d
27    2.000000     167.438598     16.308555     14.406864     1.500000     347.500000     27.987713     15.444064          d
28    5.656854     163.681239     16.118846     13.999911     2.000000     274.000000     25.728861     14.138682          d
29    2.000000     170.852812     16.956248     14.042394     1.500000     461.500000     26.212313     13.692755          d
30    5.656854     196.651802     16.951088     13.845573     2.000000     418.000000     32.475612     15.221124          d
31    2.000000     213.379723     17.378283     14.076337     2.000000     420.500000     29.750066     14.974466          d
32    2.000000     211.965510     17.599666     14.483318     2.000000     421.000000     29.306490     15.245865          d
33    2.000000     211.965510     18.750324     14.954283     2.000000     421.000000     30.976295     15.841165          d
34    2.000000     225.279220     23.918324     17.230134     2.000000     610.500000     49.881037     20.937118          d
35    2.000000     261.279218     18.635154     14.958911     15.500000     407.500000     29.426153     15.331002          d
36    5.656854     262.693432     18.412451     14.917237     2.000000     407.000000     28.958520     15.199588          d
37    2.000000     260.450791     18.308267     14.962211     2.000000     368.000000     28.685734     15.239532          d
38    2.000000     261.865005     18.654205     14.975713     1.000000     367.500000     27.377925     14.716437          d
39    4.000000     185.923880     17.792653     14.509714     9.500000     349.500000     25.984046     13.541769          d
40    2.000000     184.752307     17.473810     14.082885     0.500000     351.500000     24.523024     12.661263          d
41    2.000000     183.923880     17.264509     14.268005     0.500000     460.500000     25.826181     13.271374          d
42    2.000000     165.095453     17.049326     14.074643     1.500000     461.500000     27.160115     13.804986          d
43    2.000000     162.367531     16.104461     13.923547     2.000000     307.500000     24.743489     13.489772          d
44    4.000000     186.752307     16.635703     13.932052     2.000000     274.000000     25.419755     13.638705          d
45    0.000000     495.185852     26.603625     17.574262     0.000000     2190.000000     76.416886     22.500000          d
46    17.899495     166.752307     16.562253     13.748927     7.500000     462.000000     27.046318     13.683619          d
47    5.656854     262.450791     18.090502     14.272772     2.000000     461.500000     30.375219     14.331629          d
48    2.000000     262.450791     18.522657     15.067401     0.000000     366.000000     28.834363     15.346095          d
49    5.656854     261.865005     17.847462     14.599644     2.000000     368.500000     27.977752     14.815303          d
50    5.656854     196.651802     16.586217     13.714132     1.000000     416.000000     30.227034     14.793616          d
51    5.656854     196.651802     16.679558     13.560651     2.000000     419.000000     29.725561     14.385022          d
52    2.000000     492.416301     27.282021     19.075494     163.000000     1395.000000     72.072994     29.042015          d
53    5.656854     407.646748     24.838994     18.350345     2.000000     1199.000000     62.393736     26.743622          d
54    5.656854     207.480229     21.636131     18.073791     2.000000     584.500000     55.907734     26.572354          d
55    0.000000     382.475176     21.015672     16.271258     0.000000     1173.000000     54.626694     22.384796          d
56    3.414214     229.137083     22.509636     16.381138     0.500000     888.000000     51.838988     21.018485          d
57    5.656854     387.303603     22.799009     16.589928     2.000000     1180.000000     64.957155     23.614811          d
58    2.828427     429.102592     24.624389     17.499311     2.000000     1248.000000     67.279134     25.696764          d
59    2.828427     312.634557     23.107510     17.110145     2.000000     1154.000000     64.318838     25.220264          d
60    2.000000     310.977703     22.814262     17.813306     4.000000     931.500000     60.413404     26.029845          d
61    5.656854     312.634557     23.366524     16.838607     2.000000     1154.000000     65.724946     24.604681          d
62    2.000000     312.634557     24.998305     16.919876     0.000000     1094.500000     68.113110     24.877749          d
63    4.000000     305.220343     23.142041     17.426315     2.000000     1503.000000     65.530500     25.576554          d
64    5.656854     308.735062     23.050687     17.726671     2.000000     929.000000     61.543062     25.932992          d
65    5.656854     304.492421     22.226419     17.236556     2.000000     923.500000     59.252449     25.126559          d
66    5.656854     383.889389     25.120698     17.422800     2.000000     1177.500000     70.342845     25.897814          d
67    5.656854     301.320848     26.503068     17.217320     2.000000     684.500000     57.940417     22.802648          d
68    5.656854     387.546243     24.409770     17.701296     2.000000     1176.500000     67.253549     26.241524          d
69    2.000000     217.379723     21.696071     17.232777     0.500000     707.000000     55.761830     24.313697          d
70    2.828427     219.622364     21.791934     17.421727     2.000000     708.000000     56.042083     24.722617          d
71    0.000000     308.977703     22.637081     17.454441     0.000000     929.500000     56.756638     24.824855          d
72    2.000000     465.102592     30.537846     20.781524     2.000000     1326.000000     83.378272     32.848647          d
73    5.656854     387.705624     30.384555     21.141382     2.000000     1352.000000     84.267068     33.674435          d
74    3.414214     388.291411     29.173525     21.654728     0.500000     1353.500000     81.224429     35.046288          d
75    11.414214     387.119838     28.170791     21.698492     1.500000     1351.500000     78.192728     34.886936          d
76    2.000000     687.452877     35.541016     22.647330     8.000000     2579.500000     108.273824     38.005931          d
77    2.000000     687.452877     34.987188     22.176484     2.000000     2578.500000     107.636830     37.137843          d
78    4.000000     302.291411     23.586244     16.165637     0.000000     1189.500000     58.162815     20.723502          d
79    11.656854     689.109732     36.133684     22.616318     10.000000     2579.500000     111.946982     38.348189          d
80    2.000000     432.759447     30.394826     21.038366     0.000000     1213.000000     85.350820     33.659320          d
81    2.000000     352.232534     27.353443     20.667081     1.500000     1135.500000     77.028123     32.855304          d
82    2.000000     389.788883     27.745251     21.762484     2.000000     1211.000000     76.930093     35.307660          d
83    2.828427     320.048770     24.937522     20.686901     2.000000     1199.500000     72.552963     33.090343          d
84    5.656854     320.048770     25.070120     21.022137     0.500000     1189.500000     74.920067     34.254301          d
85    5.656854     390.575681     27.004545     21.036326     2.000000     1209.500000     73.570840     33.289407          d
86    5.414214     390.575681     27.550157     21.838502     0.500000     1210.500000     78.341893     35.909035          d
87    4.000000     390.575681     27.828062     22.096619     1.000000     1210.500000     80.338917     36.770741          d
88    3.414214     319.906635     25.757939     21.477464     0.500000     924.000000     69.283489     34.231525          d
89    5.656854     275.078207     24.540834     18.055664     2.000000     748.000000     56.022372     24.622400          d
90    2.828427     541.428493     29.456510     22.237517     2.000000     1946.500000     87.124997     37.284081          d
91    5.656854     540.842706     30.462455     22.721250     2.000000     1949.000000     94.552320     38.987438          d
92    31.556349     435.688379     30.001723     22.261934     43.500000     1289.500000     87.625642     37.325610          d
93    5.656854     435.688379     29.564086     22.108008     2.000000     1289.500000     86.974709     37.006400          d
94    0.000000     392.575681     30.613566     22.966351     0.000000     1200.500000     91.783461     40.044683          d
95    5.656854     391.203097     30.729487     22.903990     2.000000     1209.500000     91.350510     39.758760          d
96    5.656854     396.617311     30.101747     22.860789     0.500000     1218.000000     89.660041     39.387617          d
97    5.656854     319.906635     29.027839     22.787950     2.000000     923.000000     83.722736     39.032861          d
98    5.656854     540.256920     29.798040     22.767232     2.000000     1949.500000     89.597374     38.582634          d
99    5.656854     542.256920     30.525047     23.098852     2.000000     1946.500000     91.478831     39.592242          d

