minimPerim   maximPerim   deviatiePerim    mediePerim   minimArie   maximArie   deviatieArie    medieArie  tip 
2.000000     5839.881702     168.575439     37.638303     23.500000     457333.500000     12822.797652     442.906766          a
5.656854     6762.079744     200.979846     38.489366     2.000000     455111.000000     13265.827881     471.744048          a
12.242641     6107.514169     185.296546     38.144670     3.500000     456802.500000     13483.829308     488.414124          a
5.656854     5023.870388     136.565851     33.240235     2.000000     464858.000000     12258.240738     390.220598          a
2.000000     4992.598308     143.279754     34.292718     1.500000     460935.500000     12755.983587     428.047893          a
2.000000     4338.542400     125.767567     32.807611     2.000000     468110.000000     12950.078209     430.446401          a
5.656854     6287.705077     185.389535     37.577226     2.000000     450267.500000     12909.088716     455.594161          a
5.656854     5856.443104     169.034041     35.833839     2.000000     456785.000000     12653.615121     432.279355          a
5.414214     6017.237040     175.087442     35.601899     1.500000     457965.000000     12939.946113     442.555911          a
5.656854     4430.199253     118.864306     30.533160     2.000000     465030.000000     12027.281400     370.159304          a
8.000000     10356.051847     303.697149     46.095920     3.000000     420797.000000     11759.088640     442.196415          a
5.656854     5269.208482     149.919903     33.821501     2.000000     460826.000000     12680.897231     421.240909          a
5.414214     4433.814478     126.326672     32.304520     1.500000     466259.500000     12626.837945     410.752384          a
2.000000     5064.522189     136.818076     31.420646     25.000000     457490.000000     11994.392815     373.237964          a
5.656854     6622.842157     325.552136     53.124172     2.000000     433607.500000     20845.827979     1157.563657          a
5.656854     5309.392247     271.728511     51.851197     2.000000     448577.500000     21923.842941     1239.144737          a
5.656854     5444.085678     258.580116     47.877637     2.000000     434385.000000     20122.330378     1057.243011          a
2.000000     2021.103801     108.681781     29.526801     53.500000     8801.500000     446.909527     73.130351          a
2.000000     2079.630713     91.854414     26.583738     1.500000     8794.000000     359.565901     60.995385          a
22.485281     1739.883458     87.494409     27.461965     22.000000     7426.500000     333.749892     61.497358          a
6.000000     2090.358635     115.411590     28.137922     0.000000     14332.500000     560.771469     76.581967          a
6.242641     11659.997150     320.668598     42.644753     81.000000     411725.000000     11085.023152     383.509065          a
2.000000     2066.802285     96.104882     26.776624     71.500000     8793.000000     394.430165     62.628842          a
10.828427     1744.126099     93.227553     27.355020     4.000000     7429.000000     375.126982     62.610837          a
19.656854     2091.429703     120.480298     27.865183     20.000000     14349.500000     606.672384     79.060159          a
17.656854     1524.729132     100.189523     27.554809     16.000000     7104.000000     441.605993     70.974877          a
2.828427     1532.385986     95.467956     28.176625     4.500000     7096.000000     389.386670     66.283868          a
2.000000     1624.829636     105.096093     28.722589     42.500000     21973.500000     662.833235     83.793662          a
0.000000     1581.883459     94.524553     27.618825     0.000000     6169.000000     359.359946     64.723487          a
2.000000     1583.883459     91.289098     27.657320     1.000000     4886.000000     328.595991     61.690512          a
2.828427     3561.957823     121.114368     29.275449     9.000000     15354.000000     493.201273     72.626824          a
4.000000     1566.226605     85.469802     27.787678     1.000000     6183.000000     305.734922     61.590050          a
40.970562     8078.725618     243.966925     39.627659     78.000000     412936.000000     11471.057370     420.834485          a
0.000000     1583.883459     81.685989     27.919314     0.000000     4606.000000     274.943373     58.722251          a
8.000000     17802.844695     458.216907     42.150561     0.000000     348502.000000     8669.152859     312.313460          a
35.071068     19338.789997     524.893704     44.346247     34.500000     298013.000000     7970.743356     314.798439          a
5.656854     19204.956517     538.694225     45.522386     1.000000     272014.000000     7517.825610     312.856278          a
21259.776050     21259.776050     621.702705     48.454312     232059.500000     232059.500000     6733.953209     308.789692          a
5.656854     20460.506934     582.732372     48.215154     2.000000     248847.500000     7029.669660     320.878483          a
4.000000     13192.068550     394.571009     45.389285     0.500000     228777.000000     6178.590222     297.264804          a
2.000000     20605.033846     587.848489     48.101772     27.500000     269482.000000     7616.990375     320.058380          a
4.000000     17111.752208     478.649987     44.805819     5.500000     291954.000000     7975.056564     331.814117          a
19699.566687     19699.566687     553.250775     45.822371     272377.500000     272377.500000     7550.374781     317.907224          a
10.242641     9436.879068     247.997944     37.065669     5.500000     414113.500000     10717.598033     348.998995          a
2.000000     907.175747     68.282687     28.997773     0.500000     3203.000000     250.305798     63.151875          a
2.828427     2049.228693     99.273220     29.605071     4.000000     10346.000000     449.141871     71.110465          a
2.000000     2062.885547     113.144590     31.376979     17.000000     14686.000000     649.283569     89.043860          a
2.000000     2042.299760     122.943523     31.047083     1.000000     23387.000000     898.018382     104.839832          a
4.000000     1158.011314     85.649685     30.692273     6.500000     6624.500000     383.972467     79.122841          a
11.656854     1792.309864     110.471302     31.987006     3.000000     9007.500000     519.201473     88.575887          a
279.036578     1940.961667     109.581609     31.202879     1258.500000     15184.500000     654.676946     94.067150          a
2.000000     1911.363688     126.071212     33.807784     1.000000     23376.000000     940.697441     116.054762          a
2.000000     9665.539219     235.167422     33.170357     185.000000     95748.500000     2209.776385     110.177072          a
2.000000     28728.274504     787.847290     48.934952     453.500000     251347.500000     6881.504332     260.534753          a
9827.420258     9827.420258     271.108332     41.500939     427116.000000     427116.000000     11378.488028     393.583747          a
2.000000     6043.287022     182.075400     28.333965     146.000000     26438.500000     874.286268     71.545077          a
8.242641     5086.253407     163.691602     29.173883     1.500000     49197.500000     1320.797159     93.586981          a
2.000000     6092.884998     206.159359     29.128411     149.500000     34522.500000     1037.744722     77.685435          a
2.000000     8551.866876     229.750435     38.724572     55.000000     406073.000000     10482.435489     356.865756          a
12.000000     11573.269225     317.478588     42.805052     8.000000     420738.500000     11341.707049     397.928052          a
5.656854     5453.056239     142.611098     31.895409     2.000000     461580.000000     11612.960836     360.075364          a
6.828427     10923.428609     332.989531     46.110972     2.000000     345638.000000     9964.747607     409.818332          a
2.000000     7029.508242     416.160232     60.310412     7.000000     466280.500000     26807.331626     1732.739274          b
5.656854     5373.073486     230.677870     35.917299     2.000000     459510.500000     19451.181070     877.488330          b
3.414214     7335.740775     404.147180     54.223729     0.500000     430398.000000     23477.292237     1360.028358          b
5.656854     4354.924211     277.248510     44.424685     98119.500000     327678.000000     16777.545445     1085.420290          b
5.656854     5536.740446     282.242504     46.911201     2.000000     455447.500000     22971.458693     1235.853316          b
2.000000     4303.326230     231.049692     38.551521     2.000000     356645.000000     15918.368362     878.458812          b
7.656854     5691.509998     294.033802     46.145482     4.000000     446500.500000     22902.241004     1247.547493          b
4.000000     4842.098749     218.794441     36.837533     458521.500000     458521.500000     20402.384978     966.062500          b
5.656854     5042.858195     220.253284     35.549400     2.000000     447660.500000     19304.727981     901.297020          b
5.656854     4631.686622     212.918868     36.408909     2.000000     425089.500000     18901.427487     942.957594          b
7.414214     6374.745829     162.320961     18.560104     2.500000     260941.000000     6295.973775     201.194220          b
2.000000     8355.620060     429.566514     49.724734     2.000000     427483.500000     21927.426112     1192.552770          b
2.000000     10191.608199     230.602469     18.236762     145.000000     370614.500000     8251.076042     217.391699          b
0.000000     8736.587657     223.069326     23.977283     0.000000     429148.000000     10532.259721     304.652736          b
7861.190686     7861.190686     198.407679     24.847596     384159.000000     384159.000000     9192.259242     287.157716          b
9.414214     11609.425644     263.038455     25.458125     3.500000     398908.500000     8851.607964     235.659035          b
2.000000     9832.283179     200.155546     16.942211     25.500000     428231.000000     8577.532042     189.011637          b
4.000000     7762.451453     174.047817     17.424798     1.000000     423108.000000     8955.456163     213.304299          b
4.000000     4708.761867     144.371004     17.828985     2.000000     273415.000000     6705.176046     214.344255          b
2.000000     7634.198708     179.792058     18.620653     2.000000     434556.500000     9799.154884     247.765125          b
5.656854     10150.831511     207.966838     17.286322     2.000000     421417.000000     8499.434879     190.186330          b
2.000000     12730.739350     272.604878     25.853085     13.000000     393025.500000     8379.367228     210.233060          b
5.656854     4554.990227     251.856261     43.785326     2.000000     353786.500000     17310.321587     1061.165138          b
2.000000     5520.131483     142.804421     23.897652     0.000000     293593.500000     6288.993840     201.648812          b
2.000000     6395.574256     143.686381     22.155362     64880.000000     307358.000000     6324.398418     185.273150          b
21.414214     4079.576011     120.487474     21.505169     2.500000     182193.000000     4596.992459     171.631802          b
6.000000     3705.326230     115.662478     22.988005     91951.000000     176542.000000     4547.774315     180.160892          b
2.000000     9162.795808     185.922379     23.778475     13.000000     419124.500000     8344.930751     199.446273          b
5.656854     8765.734846     177.468417     23.695192     2.000000     417864.000000     8252.082782     198.573323          b
5.656854     9448.959363     186.636944     21.287852     2.000000     377047.000000     7391.759190     172.582244          b
129.740115     7838.490118     158.518454     21.110653     790.000000     385142.000000     7541.162658     180.075421          b
2.000000     5322.977154     120.472768     20.161633     0.000000     242015.000000     5144.143340     158.024006          b
5.656854     5688.422892     115.282089     20.472917     2.000000     300865.000000     5794.369763     159.600606          b
2.828427     3950.140378     194.494180     40.126504     1.000000     410037.000000     18366.446814     956.457000          b
2.000000     8610.355123     164.786265     22.478085     2.000000     408787.500000     7628.597454     173.558516          b
10486.280211     10486.280211     198.163856     22.563441     396640.500000     396640.500000     7406.643706     165.929369          b
14.242641     6964.704198     136.341233     21.988245     7.500000     447269.500000     8233.093916     187.950423          b
9105.808000     9105.808000     176.551460     23.155976     418714.000000     418714.000000     7903.949846     181.789380          b
3.414214     8821.641480     172.431485     24.502204     2.000000     427762.000000     8085.041930     190.177921          b
2.000000     9996.456841     202.094421     23.753992     0.500000     409409.500000     8135.554127     194.265008          b
5.656854     8632.129727     177.062811     30.533899     2.000000     419314.500000     8271.414063     215.072179          b
4.000000     8411.041414     163.331187     23.572767     2.000000     427464.500000     8009.628509     185.210674          b
70.526911     6563.959033     125.341764     20.268063     48.500000     395255.500000     7199.339064     164.193276          b
2.000000     5477.829967     109.429372     20.248979     1.000000     375516.000000     6824.731659     166.864223          b
5.414214     3597.935194     157.755787     36.027103     1.500000     452903.000000     19258.871700     893.384058          b
2.000000     9277.371489     180.577251     21.544304     5.500000     409775.000000     7906.756592     179.079516          b
5.656854     4613.430909     113.273429     21.191219     2.000000     222812.500000     4875.356910     166.369462          b
6157.303056     6157.303056     120.633535     24.131891     447501.500000     447501.500000     8044.581222     183.905715          b
2.000000     39085.440268     881.681305     49.759583     9.000000     246660.000000     5547.178076     182.543939          b
2.000000     32442.350085     731.134071     46.392682     209080.500000     209080.500000     4693.984321     173.568034          b
14934.042406     14934.042406     370.085950     39.811023     122463.000000     122463.000000     2862.029800     154.364066          b
2.000000     10575.058114     284.403761     33.398556     1.500000     83467.500000     2173.433474     125.884956          b
6.000000     30448.300102     692.890927     50.336641     2.000000     232290.000000     5241.870405     191.150838          b
2.000000     12788.931466     377.390502     41.598780     1.000000     124422.000000     2887.081653     155.271282          b
10157.685529     10157.685529     305.741665     36.351759     54345.500000     55993.500000     2090.687555     137.010081          b
5.656854     5322.487699     237.128569     40.872345     2.000000     448493.000000     19609.461192     927.156130          b
2.000000     10580.815474     275.321305     33.453839     13.500000     83446.000000     2046.608770     122.402863          b
2.000000     9126.939154     279.899832     33.824142     0.500000     71347.000000     2300.104906     134.035472          b
2.000000     27128.190040     590.586954     42.843512     11.500000     249857.000000     5381.367339     179.389736          b
2.828427     17644.792959     379.219919     34.915687     234299.500000     234299.500000     4876.849144     167.914749          b
16745.128965     16745.128965     350.730665     32.009331     192749.000000     192749.000000     4011.101209     152.657683          b
2.000000     6129.938821     215.871784     32.285004     54.000000     102743.000000     2723.168531     147.680856          b
2.000000     5109.692007     191.055381     31.417904     521.000000     84814.000000     2072.821288     119.832241          b
2.000000     4588.405650     188.713046     31.451818     25888.000000     66239.500000     1795.082240     112.738380          b
3745.507034     5480.569204     214.348172     32.422452     41619.000000     41619.000000     1553.649633     116.013443          b
2.000000     10727.172899     296.958400     34.628189     52.000000     72686.000000     2003.008412     126.108337          b
5.656854     6393.940576     328.343574     51.174337     1.500000     442913.500000     22453.833867     1223.247423          b
0.000000     9114.242756     269.836749     37.440379     0.000000     44396.000000     1492.196163     124.448378          b
438.232536     10802.427732     317.582846     36.102051     1415.500000     94960.000000     2662.459827     146.130354          b
2.000000     11983.596338     388.243589     40.632026     5.000000     73970.500000     2626.346632     153.902042          b
5.656854     16638.099526     395.905168     39.955332     0.500000     78559.000000     2239.321666     138.240624          b
0.000000     10306.330192     334.184141     37.382090     0.000000     67881.000000     1959.009360     126.954523          b
2388.625661     16813.901483     392.304300     40.742099     9360.000000     161574.500000     3541.344067     159.840825          b
52.041630     9049.181793     337.674337     60.524906     59.500000     81627.500000     2512.969655     215.186572          b
3.414214     20657.371056     531.660341     50.108433     0.500000     136881.000000     3462.191044     182.146784          b
16.828427     21096.424882     525.336993     45.018293     4.000000     240289.000000     5801.746546     220.791092          b
4.000000     11431.103917     414.974081     49.705128     15.000000     121004.000000     3328.101649     201.285754          b
2.000000     6039.642027     318.838302     48.308906     6.000000     444927.500000     23349.704854     1300.647790          b
5.414214     13175.482763     363.886858     44.668751     1.500000     138501.500000     3846.053205     206.289386          b
2.000000     13232.945747     353.613429     41.845693     1.000000     134288.000000     4084.582698     204.494300          b
4.000000     11931.738477     325.881024     37.661735     1.500000     152625.000000     4738.388500     218.438804          b
7.414214     11768.285594     273.085297     36.314795     0.500000     338746.000000     7422.834415     233.187919          b
21.414214     11243.185968     274.837980     32.633047     0.500000     399852.500000     8847.736361     259.692139          b
21301.560756     21301.560756     512.016176     36.721053     357090.500000     357090.500000     8531.831587     256.543379          b
4.000000     11113.075359     332.211886     33.554473     454.500000     142569.000000     3697.119181     165.123586          b
2.000000     17083.384678     421.336569     37.365866     0.000000     358214.000000     8718.877815     277.953819          b
2.000000     9306.863033     312.095908     40.886357     160.000000     183556.000000     4642.630475     215.525379          b
4.000000     13291.100954     310.776410     32.483726     367158.500000     367158.500000     8178.699601     248.453782          b
2.000000     4865.755604     229.400444     39.162355     2.000000     456943.500000     21188.428375     1046.554957          b
52.142135     10270.627532     256.137822     32.184007     96.000000     265322.500000     5948.354987     216.507075          b
4.000000     9520.946297     272.782720     39.624212     9.500000     104375.500000     3371.723948     209.176826          b
12.242641     12073.883575     292.477307     32.954585     0.500000     345488.000000     7784.767712     244.316069          b
180.225395     10332.651918     257.622479     32.397035     682.000000     257147.500000     5786.735174     213.515388          b
14.828427     15201.417957     384.018058     38.019968     4.000000     385019.500000     9351.158307     298.604535          b
5.656854     9248.782736     252.688645     33.862943     2.000000     231858.000000     5467.992480     223.078475          b
2.000000     20760.801309     506.166052     37.181816     357111.500000     357111.500000     8655.938236     263.070799          b
4.000000     11094.785156     270.657181     28.533953     1.500000     81426.000000     2172.969237     100.309592          c
3.414214     8454.873140     190.223462     31.304082     0.500000     85849.500000     1636.015279     93.756053          c
4.000000     4006.308110     107.889809     26.979363     2.500000     24187.500000     546.277628     55.900741          c
2.000000     8126.498471     165.328333     28.980939     5281.500000     60389.000000     1134.628750     73.512137          c
16181.347222     16181.347222     253.068627     18.802456     223654.500000     223654.500000     3444.535533     85.683084          c
2.000000     21548.058560     313.656882     19.064446     1.000000     286120.500000     4135.100438     82.498644          c
5.414214     8886.058990     181.670155     19.055706     1.500000     126559.500000     2067.473121     72.513656          c
2.000000     14022.880940     218.269755     19.451222     226031.000000     226031.000000     3340.048593     81.887872          c
4.000000     9390.403345     191.080295     19.568416     1.500000     54195.500000     1387.369213     64.316007          c
2.000000     7786.030432     159.129509     19.855430     13.000000     121313.500000     1930.393044     65.847639          c
5.656854     3966.635766     70.731825     14.560442     2.000000     467798.000000     7843.463552     150.410739          c
2.000000     11713.121163     304.559854     30.980570     17.000000     84514.500000     2152.822496     105.386764          c
5.656854     4546.518015     96.576944     14.658764     2.000000     464055.000000     9562.618799     213.819881          c
5.656854     3319.920915     79.134366     14.800122     2.000000     473067.000000     10171.118451     241.098474          c
5.656854     5254.026803     109.020879     15.797396     2.000000     463354.000000     9012.689053     202.727599          c
2.000000     18412.800096     389.714508     35.474471     14.500000     361750.000000     7457.957819     208.198897          c
16.242641     19002.544389     420.360858     38.524821     7.500000     269650.000000     5805.058081     194.189432          c
36.485281     9688.072061     193.242771     23.580886     54.000000     423036.000000     8293.850195     198.942522          c
13.071068     7312.808878     188.344590     30.077951     6.000000     412377.000000     9807.762369     293.611080          c
2.000000     6530.481769     170.766631     26.491431     450595.000000     450595.000000     11036.670275     346.275074          c
5.656854     5071.901912     132.591435     24.382573     2.000000     458122.500000     11723.308211     336.709699          c
838.901582     8930.192777     216.860890     26.022011     10253.000000     407940.500000     9362.617836     260.647739          c
2.000000     10448.205302     240.928387     30.620555     0.500000     68286.500000     1501.896025     92.889675          c
4.828427     4452.157625     113.015186     20.977130     18.000000     467094.500000     10561.278527     294.362278          c
5.656854     3761.047891     91.050022     20.521801     2.000000     465553.000000     11009.652640     287.718523          c
2.000000     6925.640270     149.787672     18.935588     16.500000     396580.500000     8403.240151     205.568579          c
3.414214     5087.097871     104.430756     17.012407     0.500000     426719.500000     8642.092185     193.010259          c
4.828427     3360.229570     67.975047     16.593718     1.000000     473527.000000     9284.584191     200.616731          c
2.828427     8088.538888     160.696596     20.150400     1.500000     397369.000000     7797.700266     177.101888          c
4738.390160     4738.390160     96.172831     18.755122     468576.000000     468576.000000     9280.723663     206.110479          c
9.414214     7564.448488     153.528434     22.361174     2.500000     366336.500000     7241.012490     176.514453          c
5.656854     8673.072941     182.997990     25.427010     2.000000     390267.000000     8153.523461     209.149935          c
12.242641     8574.138072     263.215530     42.302914     5.000000     127095.500000     3616.013621     202.046825          c
2.000000     17375.136107     357.860972     32.701238     28.000000     123692.500000     2498.342383     109.701835          c
6.000000     11383.520214     300.758830     33.033598     62.500000     122066.000000     3714.524222     189.627696          c
2.000000     9351.889504     259.547933     32.590776     3.000000     119761.000000     2918.103770     140.992726          c
2.000000     5034.010767     179.894394     31.990544     3.000000     40761.000000     1308.981079     100.655703          c
4.828427     1792.008349     96.165651     35.201406     4.000000     8212.000000     393.216044     82.299857          c
2.000000     16155.915760     335.375372     28.708953     2.000000     157042.500000     3341.660640     139.828191          c
2.000000     18209.061193     380.809545     30.441682     0.500000     144178.500000     2965.726618     111.996661          c
2.000000     2850.480560     113.059585     30.615670     1085.000000     12543.500000     455.511425     68.682309          c
2.000000     13167.337663     269.357921     26.065417     8.000000     219631.000000     4400.098907     139.202938          c
132.325901     12605.846118     223.083772     22.406977     340.500000     373452.500000     6115.941964     141.538492          c
60.041630     18676.963659     270.492939     18.993600     51.500000     338182.500000     4833.069192     92.469298          c
18.242641     5379.557011     129.097598     28.084817     9.500000     31038.500000     686.860669     65.898583          c
792.222430     18783.286589     272.371507     18.944708     4852.500000     272753.500000     3866.313406     81.848937          c
2.000000     13599.005832     250.643049     22.027785     46.500000     83909.500000     1659.341128     64.324277          c
3.414214     13079.729581     274.132765     23.127458     0.500000     97926.000000     1841.490764     67.830520          c
2.000000     2887.610504     121.276225     28.392061     4.500000     35785.500000     1049.228006     89.635059          c
0.000000     9734.308771     248.646793     36.077814     0.000000     77892.500000     1907.387860     122.355568          c
3.414214     2849.066347     109.464265     28.607623     0.500000     14949.500000     550.051332     71.183114          c
4.828427     7160.535921     207.615833     29.069105     1.000000     49324.500000     1489.591933     101.284012          c
4.000000     18544.377865     377.936331     29.908133     4.000000     147020.000000     2985.497747     112.850331          c
10.242641     14118.523517     299.428560     30.529477     3.500000     108740.000000     2167.352524     94.323290          c
12.828427     13695.746825     313.824935     31.574796     5.000000     105639.500000     2191.336228     106.175848          c
47.213203     6384.999785     146.618469     26.208130     70.500000     44927.000000     912.141162     67.723786          c
12.828427     11515.103920     282.894167     31.312663     5.000000     81099.000000     1857.914570     102.839552          c
8.242641     18309.802187     400.836505     30.770393     68.000000     126552.500000     2784.107155     110.774341          c
4.000000     6482.521643     163.708256     23.342631     1.000000     78499.500000     1466.760305     73.292042          c
2.828427     6421.207935     135.087024     20.493510     1.000000     78161.500000     1508.832438     69.012802          c
2.000000     6241.744952     135.256579     19.740457     0.000000     138710.000000     2198.016675     75.415705          c
52.627416     11256.130392     197.459568     18.772469     79.000000     184755.500000     2814.348827     75.508072          c
18568.034724     18568.034724     273.163175     18.918016     384059.000000     384059.000000     5489.278862     105.620098          c
16.485281     14421.792625     241.301019     20.889866     7.000000     286240.000000     4573.764772     110.025177          c
2.000000     17893.324042     318.822872     23.118528     723.000000     273679.000000     4820.346578     119.323584          c
19.656854     16682.810203     288.683392     21.918839     3.000000     296639.000000     4998.790043     117.162143          c
2.000000     5295.522521     119.649382     25.230659     75.000000     30413.500000     627.150295     56.982150          c
21.313708     21724.678842     316.653006     18.751591     8.000000     305818.000000     4396.384023     85.523476          c
160.468036     26845.899843     410.089929     20.254990     333.500000     271365.000000     4136.870440     85.276325          c
2.000000     19617.263414     317.473824     21.183171     140.500000     173171.000000     2810.058404     78.028123          c
89.355338     9222.056026     185.531703     20.779994     105.500000     135222.000000     2435.258118     85.012791          c
5.414214     6062.607870     155.584825     20.510793     1.500000     109124.000000     2092.793740     86.317179          c
2.000000     7121.631377     157.784835     20.460752     13.000000     109289.000000     2012.062173     83.209443          c
12.828427     4052.349739     117.466038     31.061264     8.000000     19584.000000     537.222410     67.287148          c
2.000000     5921.865666     155.127974     32.550785     11.500000     102685.500000     2048.868837     103.892657          c
8.828427     3833.631922     133.160203     31.809836     4.000000     29342.000000     853.762481     80.136787          c
11.656854     11324.687616     225.764575     29.664233     6.000000     190382.000000     3727.315738     142.142807          c
2.000000     3702.668500     94.494759     24.108537     27.500000     22151.000000     493.131340     50.699793          c
2.000000     19550.274397     395.536783     40.254920     3.500000     218296.000000     4307.610058     143.815238          c
3.414214     19604.617543     381.673679     38.190074     284.500000     313646.000000     5980.491917     166.109375          c
43.798990     13535.222875     254.992325     32.253926     83.000000     342061.500000     6234.243335     164.346790          c
2.000000     18830.360621     384.404057     40.784111     3.000000     242593.500000     4784.147850     154.695736          c
2.000000     9931.664110     200.593569     30.884065     6.000000     193332.000000     3680.960857     120.929113          c
2.000000     9508.056027     291.434826     42.915959     5.500000     27276.000000     856.096262     86.245964          c
2.000000     4811.057451     189.451935     39.010383     0.500000     18977.500000     582.121760     71.642328          c
2.000000     10980.694755     317.853269     45.440027     30.500000     31420.500000     952.572707     94.288759          c
7.414214     25191.218273     592.651138     50.209066     2.500000     212152.500000     4906.021512     193.032395          c
4.000000     18320.089422     438.395063     47.323058     2.000000     176839.000000     4066.119458     172.853665          c
4.000000     13934.329645     268.929763     30.861101     1.000000     101381.500000     1886.699350     88.427478          c
4.000000     23520.141819     546.553149     48.294420     10159.500000     207208.500000     4726.100144     188.140641          c
2.000000     20703.384127     473.836940     45.175694     0.000000     179445.500000     3861.004747     167.236490          c
2.000000     8146.248684     250.021729     35.192140     1.000000     46340.000000     1323.561192     93.544280          c
2.000000     15258.906533     466.932945     50.708475     8.000000     127052.500000     3104.023522     174.647151          c
0.000000     7728.366439     295.227604     42.066885     0.000000     42993.500000     1439.431384     119.294118          c
32.970562     8098.893348     279.799273     38.612163     37.000000     49272.500000     1710.152848     123.094495          c
2.000000     4527.150813     145.985282     35.281904     0.000000     22599.500000     648.247591     85.768536          c
6.000000     8636.280212     221.045166     35.553489     3.500000     44787.500000     1196.584797     104.335440          c
27.556349     13502.276701     308.079844     35.001879     26.500000     80966.500000     1837.543005     109.410209          c
2.000000     17535.354362     389.037650     34.098890     1.000000     113232.000000     2523.833877     119.045888          c
5.656854     10624.911803     344.401901     49.666349     13.000000     407684.500000     12199.093944     500.412946          d
2.000000     10405.407187     354.377481     49.876688     2.000000     407965.500000     12653.347919     524.990412          d
5.656854     4329.103801     116.717002     30.046995     2.000000     468912.500000     12167.416049     368.748989          d
4.000000     14677.026041     505.615979     56.429329     2.500000     349793.500000     11453.551707     514.715885          d
2.000000     13198.348642     442.940516     53.548828     22.500000     360359.000000     11770.887042     511.333156          d
2.000000     14936.290975     498.685824     54.446175     21.500000     346745.500000     11278.016604     489.583949          d
3.414214     7589.689038     358.357327     56.237396     0.500000     430689.500000     15368.615178     767.032727          d
157.539104     13590.473535     423.441370     49.154812     404.000000     387844.500000     11851.140288     472.911765          d
3.414214     2074.868302     74.439521     21.456299     0.500000     8232.500000     230.997860     34.384300          d
7.414214     1861.329198     70.583155     18.956573     2.500000     6867.500000     206.442735     30.625328          d
12.828427     1069.342268     52.338020     18.146783     8.000000     2817.000000     139.516024     28.417264          d
11.414214     1777.346442     79.021717     20.596273     8.500000     7069.000000     258.729866     36.144733          d
2.000000     8094.715515     249.172522     42.279548     442976.000000     442976.000000     12689.286644     476.166120          d
8.000000     1739.848969     69.415239     18.945300     0.000000     5429.500000     222.153376     32.369703          d
10.485281     1537.096662     64.216425     18.065492     2.000000     5285.000000     200.406503     29.801443          d
2.000000     1537.096662     64.281435     17.748014     0.000000     5285.000000     200.639703     29.125561          d
0.000000     1405.841830     62.534055     17.983835     0.000000     5088.000000     194.706855     29.040242          d
3.414214     1197.165642     59.627207     18.028483     1.000000     5088.000000     191.040484     29.260821          d
270.936072     2156.868302     69.855074     17.985632     637.000000     5693.500000     190.147448     28.290013          d
2.000000     3047.257252     88.138955     19.406873     0.500000     12023.000000     294.083441     34.426539          d
5.414214     2796.965841     85.683695     19.190649     0.500000     11450.500000     290.536489     34.181034          d
2.000000     22542.283954     431.431619     32.597640     39.000000     304220.500000     5666.448859     159.195509          d
2.000000     20365.714205     412.454346     35.182940     8.000000     243974.000000     4753.228062     158.259398          d
14566.006702     14566.006702     487.842379     55.945296     344121.500000     344121.500000     11072.827493     490.978351          d
2.000000     13506.436079     234.305003     26.475849     0.000000     411893.000000     6832.490922     154.543592          d
4.000000     16065.547021     266.360855     24.763530     4.000000     428485.000000     6949.640328     147.433588          d
23.071068     18612.010333     306.873150     25.324377     36.500000     381735.000000     6168.555845     136.261352          d
2.000000     20629.613694     342.860695     26.366059     4.000000     321912.500000     5270.082160     125.046185          d
5.414214     17555.528017     304.641252     26.360062     0.500000     286168.500000     4797.394111     122.132876          d
6.000000     16997.045707     298.949525     26.120249     0.500000     305751.000000     5132.920822     132.019586          d
16.485281     19670.499791     339.127212     25.646390     12.000000     385147.000000     6549.702174     150.562752          d
3.414214     20409.308010     380.468963     29.096193     0.500000     368469.000000     6621.438070     168.514786          d
2.000000     21204.875674     402.790348     30.272404     1.000000     326454.000000     5981.224475     162.533700          d
5.656854     22643.421040     439.489119     31.842594     6.500000     259001.500000     4876.139093     144.958817          d
3.414214     15341.785480     516.688596     56.888142     0.500000     319280.500000     10418.466058     466.787381          d
2.000000     20398.559877     390.883105     30.225449     11.500000     220741.500000     4078.266592     126.901894          d
20278.635997     20278.635997     388.764419     30.154845     216388.000000     216388.000000     3985.761015     124.737567          d
11.414214     22639.310427     422.143636     29.496439     6.500000     191625.000000     3518.275460     114.352246          d
23.899495     12200.463431     248.420779     28.488502     13.500000     106720.500000     2014.181774     97.416858          d
2.000000     8376.013187     189.109611     28.515035     0.000000     79818.000000     1542.254165     89.575490          d
2.000000     7591.104464     173.372148     28.613603     28.500000     74727.500000     1426.147164     85.617182          d
2.000000     12069.461346     235.760504     28.089404     344.000000     110489.000000     2014.377759     90.798298          d
6.000000     18087.216402     313.493757     25.908469     0.500000     325093.000000     5434.534582     132.198105          d
5.414214     14630.478920     265.957601     26.169464     0.500000     231519.000000     3935.310744     114.166903          d
4.000000     19607.460246     336.549511     25.897065     0.000000     280434.000000     4686.531002     116.586092          d
2.000000     9790.377748     374.981475     56.780934     22.500000     346343.500000     11645.070402     581.063947          d
2.000000     17878.047795     307.848603     25.085879     378935.500000     378935.500000     6320.650029     143.402639          d
17247.146210     17247.146210     304.038230     26.026087     312385.500000     312385.500000     5370.283111     134.651475          d
2.000000     23442.170380     435.046919     29.341875     33.500000     193039.500000     3536.005993     113.046223          d
29.899495     18861.698716     363.145450     28.817571     50.500000     296105.500000     5379.121639     154.213427          d
4.000000     18072.332062     306.827714     24.302776     402507.500000     402507.500000     6747.854249     149.658766          d
2.000000     15630.184543     260.884230     23.623340     402458.000000     402458.000000     6612.325905     141.821862          d
2.000000     7771.186516     182.426776     27.428496     5.000000     445163.000000     10220.600310     279.010285          d
3.414214     6292.374124     149.415073     25.344666     0.500000     461230.000000     10659.885299     286.000000          d
5.656854     6012.793389     147.077730     24.389998     2.000000     461740.500000     11059.536243     301.985362          d
5.656854     4962.688710     116.199248     25.652329     0.500000     468148.000000     10206.180864     267.454351          d
10817.171689     10817.171689     343.281750     48.220075     430349.500000     430349.500000     12920.515409     518.975248          d
2.000000     5232.955734     121.513509     24.621776     8.000000     464789.500000     10277.957279     268.014432          d
5.656854     4005.564697     93.370847     21.789906     2.000000     470492.500000     10247.505195     257.369245          d
6.242641     4831.284602     109.898054     22.887422     1.500000     467384.500000     10177.314012     258.103178          d
2.000000     8249.963207     185.322436     27.456540     1.500000     450298.500000     9783.073988     260.613733          d
5.656854     4534.909931     104.130970     24.451272     2.000000     468003.000000     10026.089256     257.878788          d
2.000000     4529.336336     102.173568     23.857982     2.000000     468224.000000     9877.889235     249.977293          d
4.000000     4513.946510     102.524791     24.083938     468469.500000     468469.500000     9987.985875     255.036153          d
2.000000     7685.806791     168.990541     25.758080     6.000000     445896.500000     9580.965514     245.916628          d
2.000000     6277.535591     155.189118     29.568204     1.500000     448115.000000     9744.638654     274.040151          d
3.414214     4381.388071     100.515235     22.629551     0.500000     469183.500000     10199.573337     257.682506          d
7.414214     12566.961781     388.446960     48.036617     1.500000     383843.000000     11569.697403     462.897366          d
13.656854     4100.660149     98.329239     22.476124     8.000000     470822.000000     10648.236275     276.622057          d
2.000000     8087.720568     180.755776     27.723097     0.500000     443648.000000     9597.410039     253.246489          d
8993.021203     8993.021203     204.109392     28.736034     442242.500000     442242.500000     9712.072145     264.254822          d
2.828427     7343.186516     176.634655     30.561226     1.000000     437196.000000     9603.248598     274.105060          d
4.000000     6504.138622     146.229562     30.514527     1.000000     461438.000000     9747.607660     258.842634          d
2.000000     6866.464523     161.851481     31.763435     303.000000     460818.500000     10491.768989     291.733402          d
4275.446948     4275.446948     103.395040     28.149031     470789.500000     470789.500000     10785.960360     294.020483          d
69.355338     4150.410370     99.319308     26.555189     235.500000     468854.000000     10590.293028     283.937468          d
5.656854     4382.375881     107.352186     28.093394     2.000000     468850.000000     10647.687539     292.641641          d
5.656854     4144.736273     103.077263     28.897790     2.000000     470207.500000     10675.775075     296.559309          d
4.000000     12440.150598     429.376676     53.824641     387812.500000     387812.500000     12476.505938     540.310825          d
5.656854     4667.922123     115.345773     30.287775     2.000000     468380.500000     10711.927576     302.443747          d
5.656854     5915.448156     148.001253     33.013860     2.000000     464306.000000     10765.991928     309.809306          d
2.000000     5706.092818     138.838309     29.986073     5.500000     464290.500000     10676.773844     296.195767          d
4801.686623     4801.686623     115.132357     26.045467     467531.500000     467531.500000     10910.653498     294.449864          d
5.656854     4346.584031     109.074376     27.080157     2.000000     469460.500000     11152.407855     313.221626          d
4933.551627     4933.551627     126.268482     28.711621     465136.000000     465136.000000     11440.359746     333.239709          d
26.485281     4930.314040     123.054415     29.802467     11.000000     467205.500000     10915.300428     305.712179          d
2.000000     4924.840948     121.967292     28.613524     1.500000     466924.000000     10986.794313     305.471745          d
107.597979     4248.275374     105.268574     27.193246     308.000000     469230.500000     11238.566214     313.269518          d
5.656854     4006.184973     104.099926     26.666512     2.000000     470931.000000     11732.475251     335.936957          d
8678.403889     8678.403889     411.996488     58.499085     418006.500000     418006.500000     16029.409784     839.722067          d
3932.971772     3932.971772     101.152340     27.703425     471816.500000     471816.500000     11548.449169     330.532074          d
5.656854     3704.361600     98.827739     28.897788     2.000000     470830.000000     11878.242438     352.420382          d
6727.008680     6727.008680     160.776868     29.380142     461028.500000     461028.500000     10832.856974     301.953315          d
6173.178164     6173.178164     146.812425     28.357888     463070.000000     463070.000000     10803.556547     297.234477          d
4431.128186     4431.128186     109.670290     27.638133     468760.500000     468760.500000     11198.454598     313.729298          d
274.409161     5508.134446     132.767108     28.282467     1156.500000     463289.000000     10907.069209     302.619800          d
4401.571837     4401.571837     109.685101     27.493995     469379.000000     469379.000000     11317.042999     318.260617          d
0.000000     4221.547452     108.557104     27.478004     0.000000     468836.000000     11683.671567     335.542884          d
5.656854     4134.635766     108.541466     27.593344     2.000000     470162.000000     11868.876396     344.696747          d
5.656854     4198.819531     110.232045     28.716698     2.000000     469827.500000     11834.026907     346.684762          d

