id/name    minimPerim   maximPerim   deviatiePerim    mediePerim   minimArie   maximArie   deviatieArie    medieArie  tip 
0    2.000000     478.901582     31.031315     19.601441     2.000000     1133.000000     73.573480     27.753260          a
1    24.142135     368.918827     29.584064     19.023758     21.000000     1135.500000     73.293635     26.847557          a
2    2.000000     368.918827     28.204998     18.218518     0.500000     1135.500000     62.771101     24.666896          a
3    5.656854     479.144223     28.755990     18.519241     2.000000     1112.500000     59.899224     24.967831          a
4    8.828427     479.144223     30.271217     18.284408     5.000000     1135.000000     69.788309     25.084395          a
5    2.000000     383.989895     29.327430     18.196707     2.000000     1016.500000     67.139550     25.563299          a
6    2.000000     259.965510     29.794085     19.708248     8.000000     741.500000     62.911028     27.612324          a
7    2.000000     259.965510     29.710377     20.271500     4.000000     627.500000     60.407474     28.367306          a
8    5.656854     259.965510     27.015179     18.090261     2.000000     645.500000     58.121927     24.778576          a
9    2.000000     480.315796     30.966446     19.443446     2.000000     1115.500000     65.398373     27.458133          a
10    5.414214     305.019333     27.612312     21.046520     1.500000     545.000000     54.233890     28.824048          a
11    2.000000     259.823375     27.239757     17.438987     0.500000     628.000000     55.795710     23.045192          a
12    2.000000     259.965510     27.204978     17.698161     153.500000     626.000000     56.322643     23.761920          a
13    2.000000     266.651802     28.846976     18.686851     2.000000     628.500000     59.928472     25.831032          a
14    2.000000     201.965509     18.909017     15.016091     0.000000     1135.500000     51.690904     19.376951          a
15    2.000000     290.835567     20.778461     15.262728     2.000000     725.000000     51.076696     19.727313          a
16    0.000000     201.965509     18.847168     14.965471     0.000000     1073.500000     49.450655     19.055605          a
17    2.000000     45.798990     8.353673     9.189615     0.000000     88.000000     9.658321     6.464371          a
18    2.000000     44.284271     8.223192     8.434636     5.500000     89.000000     8.650067     5.404255          a
19    2.000000     43.213203     7.698065     7.871618     0.000000     51.500000     7.666711     4.838063          a
20    6.000000     44.284271     8.451636     8.695103     2.000000     89.000000     9.352168     5.833838          a
21    2.000000     304.190906     27.669266     21.265460     1.000000     547.000000     54.701919     29.177228          a
22    2.000000     54.041630     8.250284     8.630210     11.000000     88.500000     8.898853     5.575625          a
23    0.000000     54.041630     8.107564     8.173599     0.000000     70.500000     8.655406     5.201601          a
24    2.000000     44.284271     8.574882     8.950391     1.500000     89.000000     9.649471     6.084366          a
25    3.414214     54.041630     7.979892     8.245394     0.500000     70.500000     8.203727     5.311628          a
26    5.414214     54.041630     8.031597     8.669226     1.500000     70.500000     8.565927     5.645638          a
27    23.556349     46.041630     8.057444     8.290539     9.500000     69.500000     8.474278     5.425153          a
28    8.000000     38.384776     7.676125     8.192847     9.500000     46.500000     7.537049     5.123726          a
29    8.828427     38.384776     7.616090     8.056450     6.000000     46.500000     7.408791     4.878425          a
30    2.000000     48.041630     8.934111     8.919849     1.500000     81.000000     9.787330     6.004184          a
31    4.000000     38.384776     7.866201     8.321130     1.000000     46.500000     7.755496     5.264107          a
32    12.828427     303.948265     30.600135     20.367725     9.000000     547.500000     58.287229     27.585682          a
33    2.828427     38.384776     7.619461     8.218876     1.000000     46.500000     7.530301     5.014060          a
34    2.000000     231.078207     22.257359     19.121121     6.000000     521.500000     39.560359     22.274570          a
35    2.000000     200.409161     23.882559     19.725303     0.000000     523.500000     45.553362     24.220755          a
36    5.656854     203.137083     24.302254     19.705879     4.000000     523.500000     45.620178     23.948598          a
37    15.899495     200.651802     24.885772     19.922335     7.500000     525.000000     47.658098     24.632850          a
38    0.000000     203.137083     24.564092     19.684341     0.000000     611.500000     48.285591     24.303558          a
39    2.000000     191.823375     21.498800     19.154759     2.000000     676.000000     41.564572     22.520374          a
40    2.000000     353.847760     25.803680     19.817619     8.000000     689.000000     49.730792     24.389712          a
41    2.000000     201.722870     24.085242     19.557068     0.500000     523.000000     45.137793     23.860385          a
42    0.000000     203.137083     24.461122     19.698441     0.000000     522.000000     44.940547     23.547768          a
43    4.000000     304.190906     29.122139     19.752249     1.000000     572.000000     55.730743     26.368966          a
44    2.828427     65.698484     10.265820     8.439545     3.000000     111.000000     12.872495     5.906077          a
45    5.656854     144.509666     12.801169     8.281749     2.000000     185.000000     16.436630     5.642857          a
46    8.242641     142.468036     15.015662     10.531587     2.500000     252.500000     21.401141     8.450113          a
47    0.000000     141.882250     14.432860     10.466250     0.000000     251.000000     20.082064     8.019333          a
48    0.000000     71.112698     11.393187     8.257376     0.000000     109.000000     13.468709     5.748971          a
49    3.414214     216.551296     16.245329     9.652196     0.500000     349.500000     24.853441     7.967300          a
50    2.000000     140.468036     14.714306     10.731132     0.500000     251.500000     20.608386     8.789176          a
51    0.000000     136.225396     15.961082     11.451550     0.000000     252.000000     23.349269     9.635277          a
52    2.000000     95.497474     9.478041     9.104718     0.000000     99.500000     9.131043     5.490741          a
53    2.000000     120.325901     10.879280     10.074825     44.500000     167.500000     13.420052     7.367544          a
54    19.071068     304.190906     28.155392     21.483275     23.500000     547.000000     55.066803     29.514423          a
55    0.000000     61.112698     9.316105     8.039861     0.000000     82.500000     8.563711     4.706250          a
56    0.000000     107.740114     9.717166     7.849082     0.000000     135.000000     8.727990     4.293641          a
57    0.000000     123.296463     10.311070     8.375265     0.000000     184.500000     11.064257     5.054645          a
58    10.828427     177.580734     25.032461     19.886059     4.000000     381.000000     48.827063     26.198476          a
59    11.656854     304.776692     26.964370     20.628348     7.000000     546.500000     52.279251     28.126608          a
60    4.000000     294.149275     28.872982     18.005198     2.000000     1189.500000     62.661170     23.891250          a
61    4.828427     303.847760     29.382749     21.443813     1.000000     668.000000     57.054364     29.270351          a
0    5.656854     275.320848     19.568010     14.545584     2.000000     1469.000000     63.354150     18.249592          b
1    5.656854     271.764499     22.553324     16.811770     2.000000     833.500000     52.592432     21.389968          b
2    2.000000     190.066015     19.458006     15.609750     1.500000     836.000000     46.966278     19.368982          b
3    5.656854     265.462984     22.815328     16.325541     2.000000     942.500000     59.795973     21.025934          b
4    2.000000     243.622364     22.619946     17.152766     1.500000     493.500000     47.433402     22.110892          b
5    5.656854     195.580734     20.411199     15.177693     2.000000     832.500000     49.518907     18.204561          b
6    2.000000     297.462984     21.305681     15.531296     2.000000     797.500000     47.640756     19.074359          b
7    2.000000     271.764499     21.782356     16.242953     17.500000     652.000000     47.857224     20.247607          b
8    5.414214     196.409161     21.872115     16.425454     0.500000     835.000000     53.434378     20.904097          b
9    5.656854     195.580734     20.676883     15.932444     2.000000     836.000000     51.165388     19.795730          b
10    0.000000     117.882250     11.964298     9.372572     0.000000     125.500000     10.085006     4.846087          b
11    5.656854     221.195958     20.605674     15.321182     2.000000     1469.000000     63.366117     19.488399          b
12    4.828427     150.610172     12.349780     9.157227     1.000000     174.500000     10.205011     4.568592          b
13    34.970562     162.610172     13.588257     10.310952     18.500000     378.500000     14.669619     6.449874          b
14    3.414214     162.610172     14.482117     11.104094     0.500000     378.500000     16.973081     7.716421          b
15    3.414214     162.610172     14.253772     11.255930     0.500000     378.500000     19.513031     8.827336          b
16    5.414214     92.568541     11.638238     9.127204     0.500000     118.500000     9.904027     4.682346          b
17    2.828427     116.811182     12.228527     9.387119     1.000000     214.500000     11.398059     5.078939          b
18    8.828427     125.053823     12.888375     9.970451     1.000000     126.000000     11.361334     5.420398          b
19    0.000000     123.296463     12.909114     9.824576     0.000000     129.000000     10.891881     5.324902          b
20    2.000000     104.811182     11.768263     9.073106     5.000000     146.000000     10.454819     4.774833          b
21    4.000000     203.823375     17.146303     15.217112     3.500000     651.000000     27.876156     13.792836          b
22    2.000000     216.367530     21.971797     16.030623     2.000000     1476.000000     65.385290     20.713881          b
23    2.000000     188.852812     17.118579     15.394920     0.500000     227.000000     24.272618     13.880881          b
24    2.000000     164.024385     16.992071     14.854870     0.500000     210.000000     22.398819     12.758708          b
25    3.414214     165.438599     17.222130     14.926468     1.000000     202.500000     21.938691     12.298737          b
26    12.242641     165.438599     17.515274     14.792080     5.500000     203.500000     21.720837     11.854326          b
27    4.000000     198.551296     17.477212     15.138635     22.000000     236.500000     22.627202     13.003017          b
28    4.828427     189.681239     17.117547     15.344186     1.000000     232.000000     21.918697     13.254064          b
29    2.000000     200.066015     16.916542     15.038967     140.500000     203.000000     21.053719     12.697881          b
30    4.000000     200.894442     16.919426     14.805392     79.000000     204.000000     20.886862     12.271405          b
31    2.828427     200.894442     17.267821     14.515089     45.500000     204.000000     19.806322     11.375607          b
32    20.485281     164.024385     16.865183     14.555167     12.000000     219.500000     19.800652     11.336876          b
33    5.656854     198.409161     22.378158     16.965355     2.000000     681.500000     50.460709     21.193365          b
34    4.000000     189.438599     17.664033     14.557335     2.000000     218.500000     21.013945     11.847918          b
35    5.656854     202.308656     17.304127     14.559108     1.000000     218.500000     19.785627     11.685555          b
36    5.656854     217.036577     17.388414     14.827997     2.000000     185.500000     20.219060     12.193363          b
37    0.000000     198.308656     16.959308     14.825539     0.000000     237.500000     20.308495     12.234261          b
38    4.828427     200.894442     16.799751     15.105068     30.500000     238.000000     20.467191     12.655481          b
39    4.000000     154.267025     16.493439     14.639969     11.500000     236.500000     21.209503     12.215054          b
40    2.000000     136.953317     16.549707     16.083189     1.500000     190.000000     20.991489     14.510249          b
41    3.414214     229.722870     17.199556     14.983502     0.500000     313.500000     21.072753     12.443996          b
42    7.656854     200.894442     18.670845     15.361052     4.000000     219.500000     22.056203     12.630478          b
43    2.000000     200.894442     18.369569     15.293041     2.000000     220.000000     21.676377     12.500725          b
44    5.656854     191.237587     21.812512     17.490609     2.000000     520.500000     46.845251     21.976371          b
45    5.656854     200.066015     17.382467     15.550920     2.000000     204.000000     21.215257     13.124179          b
46    3.414214     165.681239     16.716094     14.403272     48.500000     204.500000     20.230207     11.395811          b
47    0.000000     209.137083     17.541741     15.561817     0.000000     200.000000     20.667411     13.007066          b
48    2.000000     119.639609     12.307712     12.300824     2.000000     307.000000     15.597542     9.541549          b
49    2.000000     119.639609     12.253928     12.015597     0.500000     311.500000     16.391996     9.369854          b
50    14.485281     90.769552     10.341773     10.645479     9.000000     190.000000     12.138748     7.575412          b
51    5.656854     106.811182     10.928928     9.405201     2.000000     199.500000     12.431051     5.902778          b
52    0.000000     119.396968     12.041232     12.428960     0.000000     169.000000     13.371131     9.171936          b
53    2.000000     119.396968     11.156219     11.097702     0.500000     191.000000     13.454252     8.027458          b
54    0.000000     74.911687     10.278633     10.216712     0.000000     190.500000     12.123936     7.069030          b
55    2.000000     191.237587     22.582718     18.716533     2.000000     520.500000     48.299503     24.605177          b
56    17.071068     146.852812     11.226749     9.463301     9.500000     190.000000     13.022634     5.978531          b
57    2.000000     74.325901     10.189807     9.455408     0.000000     192.000000     12.290305     6.085745          b
58    5.656854     93.497474     11.417686     11.776346     2.000000     190.500000     12.519585     8.288470          b
59    5.656854     102.568542     11.189232     10.705040     1.500000     191.000000     13.925285     7.463964          b
60    2.000000     106.568542     10.914139     9.814526     0.000000     188.000000     13.931701     6.495731          b
61    4.000000     89.154328     9.952250     8.956325     0.500000     93.500000     10.685838     5.676224          b
62    2.828427     89.154328     9.456585     7.989670     2.500000     92.500000     9.840531     4.751503          b
63    2.828427     43.455844     8.768124     7.919340     2.500000     71.000000     9.166629     4.637149          b
64    5.414214     103.154328     10.399932     8.237560     1.500000     186.000000     13.177117     5.144208          b
65    0.000000     102.568541     10.387537     8.479764     0.000000     410.500000     22.015190     5.630021          b
66    2.000000     242.450791     23.163278     17.680584     0.500000     497.500000     47.960695     23.183185          b
67    2.000000     97.840620     8.144409     8.156465     2.000000     411.500000     16.692559     4.664765          b
68    3.414214     102.568542     10.252301     9.344799     0.500000     412.500000     18.109355     6.112219          b
69    2.828427     101.740114     11.089642     10.576346     0.000000     98.500000     11.318722     6.888766          b
70    4.000000     119.639609     10.109618     10.106986     2.000000     188.500000     11.677349     6.956345          b
71    0.000000     97.840620     8.479928     8.282187     0.000000     410.500000     17.452505     4.887147          b
72    5.656854     92.911687     10.732813     10.877598     1.500000     193.000000     12.558664     7.568612          b
73    4.828427     90.083260     11.631349     11.952473     1.000000     139.000000     13.377370     8.624778          b
74    4.828427     107.740114     11.376235     11.271568     0.000000     165.000000     12.887076     7.809886          b
75    4.000000     88.669047     10.726439     10.795732     0.000000     165.000000     11.881280     7.322245          b
76    6.000000     88.669047     11.419049     11.799900     1.500000     165.000000     12.886214     8.306083          b
77    2.000000     296.877197     21.709286     15.712826     2.000000     797.000000     48.466933     19.497679          b
78    5.414214     84.083260     10.767710     10.890416     0.500000     165.000000     11.908332     7.375125          b
79    2.000000     84.083260     10.613715     10.619650     2.000000     165.000000     11.852719     7.309708          b
80    10.828427     83.840620     9.360851     9.222760     1.000000     164.500000     10.745547     6.172921          b
81    0.000000     84.083260     11.085502     10.340285     0.000000     184.000000     13.246790     7.325397          b
82    0.000000     92.911687     10.317637     9.082182     0.000000     184.000000     12.402118     6.059603          b
83    3.414214     77.941125     9.635881     8.671005     0.500000     184.000000     12.494077     5.835165          b
84    2.000000     50.384776     7.326756     7.065715     2.500000     80.500000     8.407756     4.198680          b
85    2.828427     69.112698     9.608393     9.069840     0.500000     103.500000     11.638184     6.088695          b
86    0.000000     84.669047     10.613787     10.641250     0.000000     163.500000     11.714881     7.237869          b
87    4.000000     92.911687     9.907578     8.555892     0.000000     184.000000     12.435007     5.746806          b
88    5.656854     272.350286     22.512332     16.343190     2.000000     671.000000     50.214128     20.546415          b
89    2.000000     50.041630     8.385603     7.789529     0.000000     68.500000     8.582717     4.596549          b
90    22.727922     84.083260     10.095003     9.968199     29.500000     165.000000     11.380742     6.809949          b
91    8.000000     77.941125     9.245111     8.274333     1.500000     184.000000     11.755719     5.322703          b
92    4.000000     50.041630     8.382569     7.877118     1.000000     68.500000     8.598685     4.635477          b
93    4.000000     92.911687     10.156812     9.531569     0.000000     129.000000     12.969823     6.936681          b
94    2.000000     53.213203     8.595014     8.105236     0.000000     68.500000     8.872792     4.901652          b
95    2.000000     77.941125     9.779678     8.945908     0.000000     184.000000     12.974396     6.204526          b
0    5.414214     70.769552     9.635047     8.464066     1.500000     170.000000     11.621943     5.590532          c
1    2.000000     176.066015     12.572441     11.062245     79.500000     224.500000     15.518378     8.003503          c
2    2.828427     62.041630     10.226290     9.511173     8.500000     89.000000     10.714350     6.165589          c
3    5.414214     69.840620     10.972786     10.485115     1.500000     136.000000     13.342927     7.597015          c
4    5.656854     100.911687     10.002597     7.269123     2.000000     156.000000     12.482412     4.626281          c
5    11.656854     83.497474     10.057734     7.262867     6.000000     146.500000     12.198030     4.612232          c
6    5.414214     68.183766     8.626331     6.351627     1.000000     84.500000     8.099813     3.361411          c
7    11.656854     95.254833     9.727331     6.933886     6.000000     146.500000     10.460728     4.066807          c
8    4.000000     115.396968     8.956009     6.682135     0.000000     167.000000     10.214375     3.971920          c
9    2.828427     95.254833     9.364436     6.469342     0.000000     146.500000     10.557835     3.660366          c
10    5.656854     148.953318     11.940563     9.701018     2.000000     408.500000     17.370853     7.375948          c
11    2.000000     106.568542     10.066266     8.409914     7.000000     204.500000     12.319982     5.583395          c
12    2.000000     150.994947     11.969252     9.251051     2.000000     223.500000     16.038083     6.685924          c
13    20.485281     148.267025     12.570477     9.537454     7.000000     283.500000     20.701038     7.795174          c
14    2.000000     109.154328     12.877732     10.211685     2.000000     301.000000     20.088417     8.641635          c
15    2.000000     161.095453     14.743738     13.337936     4.500000     288.500000     19.102588     10.660599          c
16    2.000000     150.124890     13.328597     11.169461     2.000000     215.000000     14.780296     7.258346          c
17    0.000000     340.575681     20.525604     13.845443     0.000000     385.500000     30.988929     13.475059          c
18    4.000000     227.036577     18.153199     15.704943     4.000000     397.000000     29.714056     16.639679          c
19    5.656854     225.379723     19.850743     17.039615     0.000000     500.500000     36.536661     20.145637          c
20    16.242641     209.237588     21.682409     20.693004     8.500000     498.500000     42.839953     26.932584          c
21    4.000000     225.622364     21.088498     15.592222     0.500000     444.000000     34.516573     16.781584          c
22    2.000000     71.698484     9.138455     7.838606     1.000000     128.500000     10.354132     4.849142          c
23    2.000000     222.208150     23.394616     17.520151     0.000000     498.500000     43.342696     21.926001          c
24    2.000000     209.237588     22.484506     19.905087     3.000000     496.500000     43.352441     25.932186          c
25    14.242641     193.237588     20.770569     15.132362     8.500000     447.000000     37.852167     17.354203          c
26    2.828427     284.190906     21.101186     15.048680     0.000000     660.000000     39.044347     17.151589          c
27    4.000000     294.391915     22.427426     16.345683     0.000000     660.500000     42.277564     19.358548          c
28    2.000000     284.190906     19.480961     14.544817     2.000000     660.000000     35.022650     15.734018          c
29    5.656854     293.220342     22.461729     16.708080     2.000000     660.000000     42.956953     20.110254          c
30    5.656854     182.409160     18.940092     15.154951     2.000000     445.500000     33.924604     16.390909          c
31    2.000000     187.095453     16.363569     12.510581     2.000000     211.500000     19.125635     9.044973          c
32    2.000000     241.865004     17.291434     14.992594     3.500000     675.500000     37.310468     16.174899          c
33    2.000000     107.740114     8.987700     8.669851     0.000000     188.000000     10.829062     5.475472          c
34    2.000000     102.325901     13.047973     11.826717     2.500000     165.500000     19.191699     10.198816          c
35    0.000000     121.396968     11.847524     11.761436     0.000000     196.000000     15.128646     9.008000          c
36    0.000000     70.769552     11.148937     11.747815     0.000000     122.000000     14.598193     9.300417          c
37    4.000000     65.455844     8.710432     10.123061     1.000000     89.000000     10.724919     7.378498          c
38    2.000000     157.438599     14.227890     11.766305     1.000000     408.500000     24.346382     10.795420          c
39    9.656854     154.953317     12.887994     11.436849     5.000000     219.500000     15.460839     8.335938          c
40    2.000000     95.982755     10.708466     9.914393     13.000000     111.500000     10.927232     6.123506          c
41    2.000000     211.622364     17.777217     15.176884     10.000000     403.000000     27.090308     14.576463          c
42    2.000000     117.154328     11.075433     8.837078     3.000000     352.500000     14.785623     5.083796          c
43    2.000000     108.225396     10.010982     7.807763     22.500000     194.000000     8.700499     3.476037          c
44    2.000000     141.539104     10.874238     8.887125     15.000000     214.000000     14.445294     6.114679          c
45    2.828427     63.941125     8.729537     7.006140     2.000000     79.000000     6.490619     2.870089          c
46    2.000000     75.012192     9.003663     7.568403     6.000000     163.500000     8.592916     3.726981          c
47    4.000000     75.597979     8.975885     7.784109     4.000000     165.000000     8.827224     4.039030          c
48    0.000000     160.166520     15.098311     10.881360     0.000000     200.500000     16.633527     7.396655          c
49    4.000000     160.166520     14.797362     12.098358     1.000000     194.000000     18.795446     9.491917          c
50    5.656854     132.367531     13.293328     10.577344     2.000000     312.000000     18.846515     7.589466          c
51    0.000000     55.455844     7.113718     6.068009     0.000000     115.000000     7.492098     2.995444          c
52    2.000000     67.112698     7.814775     6.819901     0.000000     115.000000     7.383798     3.303959          c
53    2.000000     49.698484     7.983670     6.800207     0.000000     60.000000     6.218172     3.178954          c
54    2.000000     49.698484     7.881000     6.992831     2.500000     60.000000     6.425534     3.405860          c
55    2.000000     97.497474     11.944430     9.182644     12.000000     190.000000     18.307246     7.056721          c
56    7.414214     53.455843     7.956794     7.242344     0.500000     60.000000     6.663425     3.722548          c
57    4.000000     92.669047     8.744661     7.767224     5.000000     105.500000     7.500367     4.007418          c
58    4.000000     107.396968     7.995511     6.214770     6.000000     156.000000     8.127143     3.117021          c
59    4.000000     110.468036     7.882937     5.698207     0.000000     154.500000     6.963873     2.477806          c
60    2.000000     110.468036     7.728968     5.728679     0.000000     155.500000     7.047123     2.551991          c
61    6.828427     110.468036     7.479274     5.699914     2.500000     154.500000     6.873685     2.558804          c
62    0.000000     70.426406     7.596576     6.262349     0.000000     103.000000     7.394756     3.189104          c
63    13.656854     70.426406     8.047279     6.700573     8.000000     104.000000     8.370799     3.837530          c
64    4.828427     70.426406     8.123700     6.584680     1.000000     104.000000     8.751805     3.858942          c
65    4.828427     70.426406     7.888629     6.652953     1.000000     104.000000     8.101248     3.679393          c
66    5.656854     97.497474     12.644030     9.793671     2.000000     173.500000     19.517852     7.636417          c
67    4.828427     53.455844     7.416188     6.182893     1.000000     49.500000     5.890497     2.651741          c
68    3.414214     52.870057     7.271026     6.074238     8.000000     43.500000     5.876491     2.710620          c
69    3.414214     53.698484     6.724376     5.537644     0.000000     44.500000     5.014016     2.229602          c
70    2.000000     52.870057     7.203142     6.049118     2.000000     50.500000     5.522315     2.526608          c
71    2.000000     46.627416     7.286901     6.009273     0.000000     50.500000     5.729904     2.608038          c
72    5.656854     110.468036     7.939206     6.039923     2.000000     153.500000     7.091150     2.714850          c
73    0.000000     98.083260     11.436540     12.787065     0.000000     164.500000     14.409680     10.341718          c
74    3.414214     131.396968     12.752371     13.686855     2.000000     234.000000     18.002729     11.794332          c
75    4.000000     90.325901     11.706000     11.834335     8.500000     165.500000     16.239626     9.288796          c
76    2.000000     132.811182     13.562323     13.746131     10.000000     234.500000     21.179213     12.882999          c
77    2.000000     92.669047     11.335523     8.970472     1.000000     173.500000     16.814030     6.345886          c
78    0.000000     90.325901     10.482816     12.023963     0.000000     147.500000     13.302469     9.527367          c
79    2.828427     89.497474     10.847969     12.561361     13.000000     146.500000     14.165255     10.496198          c
80    0.000000     91.154328     11.225259     13.202433     0.000000     180.000000     15.263231     11.542416          c
81    2.000000     86.426406     10.192968     11.738563     0.000000     138.000000     12.492512     9.069472          c
82    2.828427     132.811182     13.061842     13.493032     14.000000     234.500000     18.635404     11.829181          c
83    2.000000     115.639609     13.474452     13.529598     3.500000     122.500000     15.973758     10.817580          c
84    4.000000     114.225395     12.329564     12.765947     5.500000     117.000000     13.801862     9.523631          c
85    2.000000     79.254833     11.669988     11.729124     25.500000     99.000000     13.298991     8.402715          c
86    5.414214     187.580734     14.842233     14.576587     0.500000     294.500000     18.899227     12.040346          c
87    2.000000     158.710676     12.970526     12.531284     2.000000     240.500000     16.307571     9.597919          c
88    14.242641     174.409161     13.555791     11.858654     8.500000     226.500000     18.658746     9.476461          c
89    2.000000     158.710676     12.786021     11.766253     2.000000     239.500000     15.373011     8.483513          c
90    2.000000     158.710676     12.018075     10.896214     0.000000     192.000000     12.508645     7.341844          c
91    2.000000     71.012192     10.007641     8.139931     7.000000     82.500000     9.127015     4.581883          c
92    2.828427     106.325900     12.494587     11.972365     2.500000     140.500000     14.282430     8.682165          c
93    2.000000     79.254833     11.330945     9.742082     0.500000     97.500000     12.035516     6.389241          c
94    0.000000     158.710676     12.074226     9.773324     0.000000     193.000000     12.578742     6.390225          c
95    11.414214     96.083260     11.114980     9.172877     3.500000     187.000000     14.561003     6.435249          c
96    0.000000     145.639609     12.007986     9.181889     0.000000     263.500000     15.787825     6.150804          c
97    2.000000     130.568542     11.261339     8.681935     0.000000     239.500000     14.441268     5.439482          c
98    2.000000     137.781744     10.553983     8.286833     3.500000     295.000000     13.157555     4.891235          c
0    2.000000     161.923880     16.582187     13.416914     0.000000     297.500000     26.200875     11.601287          d
1    0.000000     175.195958     16.481316     13.461561     0.000000     345.000000     27.415640     11.957594          d
2    2.000000     314.048770     24.396200     16.966800     0.500000     527.000000     38.599280     17.934258          d
3    4.000000     138.468036     15.851127     12.999028     32.000000     277.500000     26.275612     11.025214          d
4    2.000000     102.911687     13.003384     11.805551     0.000000     254.000000     18.264950     9.028632          d
5    3.414214     102.911687     12.947859     11.877857     0.500000     254.000000     19.296372     9.255208          d
6    5.656854     249.865004     15.803010     11.932999     2.000000     496.500000     27.343243     9.982162          d
7    2.000000     175.195958     16.912956     13.725456     0.000000     344.000000     27.719659     12.492079          d
8    0.000000     141.539104     12.780960     15.388762     0.000000     264.000000     20.059665     14.400418          d
9    2.000000     141.781744     11.973909     14.744418     1.000000     200.500000     17.211349     13.107955          d
10    6.242641     65.941125     10.644843     13.154620     1.500000     171.000000     15.353312     10.708911          d
11    2.000000     140.953317     12.753187     15.050128     7.000000     200.500000     19.432470     14.343915          d
12    0.000000     175.195958     16.471341     13.948949     0.000000     345.000000     26.255241     12.924737          d
13    2.000000     142.367531     12.385827     15.247456     2.000000     202.000000     18.346384     13.535185          d
14    4.000000     63.112698     9.924932     13.547165     3.000000     122.000000     14.023979     11.071111          d
15    5.656854     63.112698     10.375274     13.777471     2.000000     122.000000     14.605876     11.323529          d
16    14.242641     66.083260     11.022455     13.217017     2.000000     135.000000     15.559323     10.689165          d
17    0.000000     62.769552     10.406603     13.009435     0.000000     99.000000     13.780138     10.299470          d
18    8.242641     64.669046     10.618053     12.510868     3.500000     135.000000     15.381059     10.315742          d
19    18.828427     106.083260     12.633692     13.506421     16.000000     162.000000     18.872195     12.374177          d
20    5.656854     67.497473     11.246201     13.266672     1.000000     122.000000     15.776958     11.314000          d
21    2.000000     54.284271     8.354822     9.213232     0.000000     111.500000     9.263602     5.994982          d
22    2.000000     53.455844     7.659099     8.303068     1.500000     112.000000     8.183301     5.056868          d
23    8.828427     175.195958     16.381209     13.081322     4.000000     345.000000     26.544559     11.274725          d
24    0.000000     87.840620     8.964421     9.417145     0.000000     127.500000     10.227852     6.431204          d
25    4.828427     88.426406     9.263389     8.944095     1.000000     126.000000     10.315404     6.019285          d
26    0.000000     87.840620     8.880540     8.622182     0.000000     127.500000     9.922176     5.729748          d
27    15.656854     54.870057     8.595785     8.598033     14.000000     86.500000     9.560817     5.791423          d
28    4.828427     48.870057     8.278233     8.403510     1.000000     73.500000     9.062433     5.642562          d
29    2.000000     57.941125     8.051186     7.972382     0.000000     101.000000     8.705272     5.283379          d
30    2.000000     88.426406     8.907650     9.146583     8.500000     127.000000     10.342127     6.251194          d
31    10.242641     48.384776     7.987649     8.614740     2.500000     85.500000     8.613510     5.562579          d
32    4.828427     44.870057     7.618173     8.254252     2.500000     56.000000     7.589465     5.065203          d
33    13.656854     55.941125     7.606855     8.099466     5.000000     57.500000     7.593783     5.062769          d
34    2.000000     138.468036     15.379451     12.674147     3.500000     277.500000     24.704608     10.659202          d
35    16.242641     55.941125     7.708402     8.515738     14.500000     47.000000     7.645289     5.427318          d
36    6.000000     55.941125     7.693244     8.651635     0.000000     47.000000     7.678108     5.517358          d
37    2.000000     55.941125     7.741237     8.793060     9.500000     47.000000     7.727324     5.698344          d
38    2.000000     55.941125     7.746547     8.648892     0.000000     47.000000     7.740650     5.584681          d
39    2.000000     40.870057     7.601842     8.516566     22.000000     47.000000     7.622218     5.430614          d
40    0.000000     40.870057     7.536538     8.417126     0.000000     47.000000     7.499288     5.298635          d
41    19.071068     57.112698     7.777101     8.391392     19.500000     102.000000     8.375978     5.507788          d
42    2.000000     57.941125     7.993924     7.989885     22.500000     101.000000     8.539968     5.230290          d
43    2.000000     49.455844     8.048621     8.010181     1.000000     72.000000     8.520038     5.271490          d
44    2.000000     48.870057     8.316070     8.257853     1.500000     72.000000     9.061464     5.544332          d
45    2.000000     138.468036     15.696790     12.688890     0.500000     275.500000     24.821943     10.582424          d
46    2.000000     57.112698     8.123328     8.038643     9.000000     102.000000     8.696536     5.247687          d
47    2.000000     57.112698     7.823001     8.180941     1.500000     102.000000     8.218301     5.161908          d
48    5.414214     55.941125     7.840270     8.950910     0.500000     47.000000     7.849806     5.825217          d
49    2.000000     55.941125     7.591244     8.452293     1.000000     44.500000     7.574198     5.322337          d
50    5.656854     88.426406     8.714910     8.949689     2.000000     126.000000     10.003608     6.047790          d
51    0.000000     88.426406     8.624962     8.732332     0.000000     126.000000     9.823815     5.842908          d
52    2.000000     158.267026     18.604823     14.776835     0.000000     441.000000     31.422792     14.366071          d
53    2.000000     180.066015     19.491945     14.272689     1.500000     439.500000     31.323251     13.276353          d
54    0.000000     176.024385     18.594583     13.629980     0.000000     440.000000     30.328458     12.468408          d
55    2.000000     200.994948     20.260480     14.682967     2.000000     425.000000     30.601642     13.804412          d
56    5.414214     175.195958     16.591937     13.804161     1.500000     344.000000     25.994359     12.282470          d
57    2.000000     206.551296     19.915738     14.326472     1.000000     425.000000     29.570087     13.151372          d
58    2.828427     190.894442     20.408655     14.486377     0.000000     427.000000     30.644513     13.408875          d
59    2.000000     189.480229     20.239930     14.777957     2.000000     401.500000     32.174494     14.184722          d
60    4.000000     183.237588     18.392193     13.623469     5.500000     228.500000     25.000485     11.943780          d
61    2.000000     153.781745     19.072008     14.034131     8.000000     251.000000     25.980532     12.215196          d
62    4.828427     191.480229     19.299874     14.365450     0.500000     241.000000     27.160446     12.785367          d
63    29.899495     169.681239     17.582913     13.185439     20.500000     201.500000     23.060108     10.948102          d
64    29.313708     295.663994     18.624353     13.287915     38.000000     484.500000     25.301539     11.325699          d
65    2.000000     174.267026     17.663686     13.610143     2.000000     228.500000     25.834993     12.368245          d
66    2.000000     190.894442     20.157152     14.571712     10.000000     295.500000     29.349211     13.320346          d
67    2.000000     173.781744     16.786856     13.825502     1.000000     344.500000     27.351486     12.531670          d
68    8.828427     216.066015     20.762894     14.480981     1.000000     425.000000     31.566625     13.479643          d
69    5.656854     171.923880     19.035753     14.318893     2.000000     317.500000     26.479021     12.873394          d
70    2.000000     174.752307     18.773134     14.213529     0.500000     315.500000     26.713571     12.954438          d
71    2.000000     170.752307     18.415169     14.300375     2.500000     314.500000     27.683998     13.429931          d
72    2.000000     209.580734     21.974346     17.195680     0.000000     401.500000     35.654105     18.360837          d
73    2.000000     251.965510     24.453201     17.697476     4.000000     512.500000     38.972093     19.060000          d
74    2.000000     294.877197     23.710906     16.608502     0.000000     510.500000     40.005668     18.267733          d
75    2.000000     316.048770     25.377096     16.600365     1.500000     650.000000     42.687958     17.872527          d
76    4.828427     355.705624     26.489827     17.443274     1.000000     652.000000     44.645069     19.184400          d
77    3.414214     355.119838     25.410561     17.035211     0.500000     651.000000     42.928304     18.362529          d
78    4.000000     175.195958     17.086917     13.935954     22.500000     344.000000     29.160341     12.833872          d
79    12.242641     356.534051     26.518190     18.139655     5.500000     628.000000     44.351846     19.967704          d
80    2.000000     243.480229     23.296352     17.370870     1.500000     367.000000     36.075923     18.126533          d
81    2.000000     253.379723     22.818683     16.510717     4.500000     511.500000     35.210508     16.784136          d
82    4.000000     296.877197     23.665063     15.866437     209.500000     517.500000     39.846661     17.225243          d
83    2.000000     354.534051     25.938130     16.972081     1.000000     650.000000     43.202596     18.360162          d
84    4.000000     354.534051     25.220645     16.757869     1.000000     650.000000     40.211217     17.683431          d
85    0.000000     244.894442     23.875381     17.033168     0.000000     370.500000     36.081508     17.325428          d
86    2.000000     251.137083     23.301082     16.537798     27.000000     379.000000     33.433850     16.144819          d
87    2.000000     251.137083     22.764031     16.038485     0.500000     379.000000     33.913812     16.123994          d
88    5.656854     314.877197     22.273880     16.081389     2.000000     526.000000     38.899912     17.573550          d
89    2.000000     130.811182     14.625859     12.918864     4.000000     204.000000     21.494143     10.961207          d
90    4.828427     364.190905     25.232782     16.899445     1.000000     654.000000     42.393438     18.337477          d
91    2.000000     355.705624     23.631337     16.696036     1.000000     527.000000     39.206886     17.854459          d
92    2.000000     259.279218     24.409842     16.978172     0.000000     294.000000     33.334922     16.240804          d
93    2.000000     259.279218     24.196834     16.869505     2.000000     294.000000     32.844363     16.123273          d
94    2.000000     223.480228     23.266946     16.453103     0.000000     287.500000     32.785997     16.166119          d
95    2.000000     223.480228     22.989709     16.377760     0.000000     306.500000     31.666718     15.685361          d
96    0.000000     223.480228     22.991380     16.065905     0.000000     286.500000     32.857949     15.931990          d
97    2.000000     245.036578     22.162770     16.116875     2.000000     307.500000     34.514290     16.851157          d
98    0.000000     314.877197     22.987661     16.581839     0.000000     526.000000     37.456520     17.645235          d
99    2.000000     314.634556     23.861598     16.820781     0.500000     523.500000     38.166333     17.768921          d

