minimPerim   maximPerim   deviatiePerim    mediePerim   minimArie   maximArie   deviatieArie    medieArie  tip 
2.000000     3829.491544     137.704978     34.728896     0.500000     469508.500000     16444.792175     649.984029          a
2.000000     4105.481439     150.627787     35.599780     0.500000     467145.500000     16725.499720     676.432606          a
2.000000     3681.952438     138.557399     35.300443     2.000000     467499.500000     16980.645145     702.715984          a
2.000000     3626.371706     126.243950     29.597269     2.000000     470654.000000     16048.124391     602.646100          a
5.656854     3817.650923     134.607510     29.958698     2.000000     467584.000000     16047.966160     614.558962          a
5.656854     3392.874231     122.090798     28.188011     2.000000     471858.500000     16458.962646     636.022533          a
9.071068     3632.094574     133.842918     33.707891     5.500000     466936.500000     16551.541804     669.369811          a
5.656854     3809.307778     137.939898     32.944372     2.000000     469143.000000     16515.841604     658.318238          a
5.656854     3930.243850     141.875880     31.275415     2.000000     469475.000000     16517.014073     650.073110          a
5.656854     3547.685415     123.480798     26.954272     2.000000     469265.000000     16001.430201     594.252037          a
5.414214     4769.443982     159.135368     39.900522     0.500000     461077.000000     14423.317041     550.782566          a
2.000000     3630.087434     130.072753     29.492257     470518.000000     470518.000000     16362.586991     634.476998          a
7.656854     3675.241762     130.402268     27.908869     4.000000     470386.500000     16279.566113     622.318945          a
33.313708     3799.734183     133.002923     27.626725     43.000000     462801.000000     15911.568842     596.191124          a
5.656854     4819.093696     308.610552     65.768927     2.000000     449450.500000     28310.576590     1998.910359          a
5.656854     4111.197169     266.593324     60.101569     2.000000     457531.500000     28651.529776     2003.169291          a
5.656854     4187.398177     270.348867     62.227536     2.000000     457594.500000     28880.931278     2035.162000          a
2.828427     18349.018354     456.473226     38.440056     15.500000     284043.500000     6920.782348     255.356473          a
2.828427     7533.128849     248.444138     33.232571     0.500000     96944.500000     3256.400711     209.606501          a
2.828427     8298.020324     278.773876     34.028829     0.500000     93207.500000     3070.600487     197.592789          a
23.071068     23535.556034     513.751824     31.518677     5.500000     357220.000000     7760.441723     217.835926          a
5.414214     4170.375877     140.546654     36.673158     1.500000     466338.000000     14280.537496     528.065666          a
6.000000     9984.267143     295.736190     33.893421     2.000000     172484.000000     4303.664946     206.880829          a
2.000000     5789.356002     240.071451     34.440459     7.000000     92381.500000     2971.103037     202.590664          a
2.000000     18522.851838     391.796385     29.166078     382493.500000     382493.500000     7997.131076     215.545216          a
2.000000     14118.519346     341.915681     31.550176     2.000000     281494.000000     6328.870011     223.740485          a
2.828427     14936.339756     362.178733     32.915313     17.500000     222455.500000     5155.697289     207.192619          a
4.000000     10855.203215     248.583758     27.640000     1.000000     425752.000000     8591.526039     232.278319          a
12.828427     17501.592830     390.002728     31.167622     2.000000     373643.500000     8151.388487     249.595825          a
17.414214     17744.227386     411.857535     32.356391     5.500000     337127.000000     7643.901614     249.140921          a
5.656854     16244.763193     341.231314     28.358384     0.500000     397454.000000     8025.924899     216.876169          a
2.000000     18645.815259     422.775881     31.976516     0.500000     364873.000000     8051.190035     249.098015          a
2.000000     5493.600397     202.052696     42.165390     36.000000     438019.000000     15174.032511     637.881753          a
6.242641     16232.912469     389.094061     33.172581     0.500000     334107.500000     7674.001279     258.772228          a
2.000000     7178.971223     187.908629     32.761332     1.000000     447442.000000     11101.107458     343.375924          a
2.000000     7416.233195     219.271622     37.846869     412172.500000     412172.500000     11209.428724     396.570214          a
2.000000     11519.595127     331.749782     40.696607     414874.000000     414874.000000     11681.558224     416.997224          a
5.656854     11874.045918     365.113616     44.568897     426593.000000     426593.000000     12636.395037     481.365789          a
2.000000     9669.922786     283.625372     40.302410     2.000000     440164.500000     12227.308079     430.644290          a
5.414214     7484.926630     202.798279     33.871984     4.000000     435258.000000     11248.160288     364.339119          a
2.000000     11545.938276     339.122587     41.879500     429.000000     423092.000000     12087.865316     439.390612          a
2.828427     10947.799103     316.510991     40.136399     2.000000     424659.500000     11961.554736     422.555159          a
5.656854     10655.507691     313.896999     41.279680     2.000000     429091.000000     12219.239642     442.999189          a
5.656854     6036.134447     191.109059     34.547370     2.000000     446002.000000     13970.534209     506.814342          a
10.828427     7688.293284     327.201301     49.441171     4.000000     133196.000000     4944.608160     387.563126          a
0.000000     15227.515498     490.692583     49.229239     0.000000     264409.500000     8409.751230     424.799702          a
2.000000     15702.943989     508.665748     51.532525     6.500000     271822.000000     8652.302642     428.209581          a
2.000000     10001.068217     394.910250     51.004145     3.000000     157858.500000     5754.008334     388.183796          a
7.656854     10931.106884     383.147088     49.055438     4.500000     152688.500000     5271.156711     390.153640          a
4.828427     8838.221337     330.404282     47.323995     1.000000     119985.500000     4569.250197     387.850147          a
31.313708     6025.564154     307.140263     48.209863     44.000000     91289.500000     4585.611890     375.181904          a
2.000000     13109.298998     456.585316     55.991543     3.000000     167621.000000     5749.823049     397.552525          a
2.000000     13385.031970     326.509025     35.417362     2.500000     360999.500000     8523.010595     282.712660          a
2.000000     6077.663445     183.749302     40.219218     11.000000     459070.000000     13207.868888     468.797432          a
5.656854     5520.044048     174.189508     36.294597     2.000000     454664.500000     13918.708456     503.252814          a
8.000000     11586.465188     307.822142     36.504081     391552.500000     391552.500000     9889.030279     339.268254          a
2.000000     13758.750667     333.179009     33.348959     0.500000     368252.000000     8824.928107     274.207065          a
60.284271     9783.652799     244.986885     32.937077     54.000000     417523.500000     9991.359171     316.966838          a
4.000000     5289.399385     167.740022     35.047219     2.000000     452172.000000     13750.271336     500.276596          a
16.242641     4321.044927     141.650152     37.231000     13.500000     467849.500000     14431.756357     537.713810          a
2.000000     4050.729130     129.065025     30.021133     2.000000     468480.000000     14498.788427     509.476989          a
5.414214     8476.948048     287.377648     47.626320     0.500000     421114.500000     13926.623573     581.986871          a
2.000000     5099.711008     345.868306     57.431371     477765.500000     477765.500000     30459.462823     2152.707317          b
3643.526033     3643.526033     213.084732     37.074717     467276.500000     467276.500000     26537.213373     1561.622977          b
5.656854     5934.744618     385.379398     54.049287     2.000000     440195.500000     28351.782013     1900.883333          b
5.656854     6581.202550     445.875077     59.162137     2.000000     444019.000000     29932.183583     2085.513699          b
2.000000     5055.128188     326.097774     48.683602     2.000000     459141.500000     29450.563319     1956.663223          b
4.000000     6567.504068     394.239385     49.778733     2.000000     446103.500000     26704.799387     1653.491007          b
5.656854     5460.130275     313.656112     40.253692     2.000000     451034.000000     25739.700376     1519.823529          b
4460.025596     4460.025596     249.308686     34.075267     462509.500000     462509.500000     25575.118293     1458.579755          b
5.656854     4804.902793     281.081538     38.727232     2.000000     466593.500000     27163.990163     1624.346939          b
5.656854     5301.350618     333.561793     45.174580     2.000000     461062.000000     28927.024633     1863.134387          b
5.656854     5796.789216     264.215636     33.369963     448460.500000     448460.500000     19840.270225     934.824510          b
5.656854     5989.489787     371.987074     52.231930     2.000000     441456.500000     27166.737938     1747.401141          b
61.213203     6373.347651     284.669682     33.327410     177.000000     450435.500000     19567.128161     901.335539          b
5.656854     6245.923331     219.891639     28.089386     2.000000     453088.000000     15212.318249     565.578918          b
4.000000     7804.936734     244.560058     25.863557     2.000000     445695.000000     13780.042348     469.581262          b
4.000000     7488.510329     217.843411     24.920763     22.500000     436488.000000     12496.847428     393.527482          b
2.828427     4381.748463     194.803036     27.712217     1.500000     466044.000000     18457.873421     782.979592          b
2.000000     4630.199255     211.607248     30.089376     2.000000     464451.000000     19015.941014     837.849832          b
2.000000     7133.209694     314.651318     32.420119     0.000000     446303.500000     19627.355040     894.750000          b
4376.483525     4376.483525     186.913162     28.106217     454648.000000     454648.000000     17931.906008     760.420561          b
4.000000     6193.254289     233.301428     26.645249     1.000000     448598.500000     16683.549908     658.545014          b
2.000000     6963.486823     264.124694     30.883234     1.500000     428499.000000     16036.512632     647.741234          b
4.000000     6686.315247     442.978662     57.912746     4.500000     450113.000000     29740.905700     2036.739035          b
5.656854     8234.118414     312.542988     31.013424     2.000000     414683.000000     15673.302334     630.202432          b
2.000000     4513.960790     186.671437     29.197053     0.500000     319316.500000     12243.472641     610.866760          b
6.828427     6140.700024     242.449609     27.203248     2.000000     318752.500000     12487.298519     600.209957          b
2.000000     5073.943544     195.231837     26.166979     2.000000     295891.000000     11202.687409     543.605806          b
2.000000     6138.217709     210.667692     26.221173     2.000000     438677.000000     14898.036110     543.121247          b
5.656854     6264.786251     201.435685     26.034840     2.000000     439131.000000     13956.334787     481.341254          b
2.000000     5118.186184     203.935165     28.153644     892.000000     414264.500000     15045.780532     617.812912          b
2.000000     5778.082715     221.904697     27.366703     7.500000     400402.500000     14564.342955     592.470938          b
5.656854     7237.165094     262.067695     25.187203     2.000000     375324.500000     13465.235824     526.911954          b
2.000000     6819.351825     227.485096     24.559832     408630.500000     408630.500000     13516.369320     476.727820          b
2.000000     5666.127310     364.896881     51.946580     2.000000     458554.500000     29412.926280     1953.952479          b
7167.150815     7167.150815     215.831756     25.840485     423252.500000     423252.500000     12663.603021     412.281362          b
8793.311404     8793.311404     254.113119     25.011918     412189.500000     412189.500000     11888.424419     369.038301          b
11.414214     4744.875443     129.137126     20.733322     6.500000     458686.000000     11497.649244     324.767902          b
5720.051187     5720.051187     170.129877     24.553804     451345.000000     451345.000000     12548.405719     393.701544          b
5.656854     5358.338425     155.565672     25.246362     2.000000     460489.500000     12339.652510     378.362626          b
2.000000     6863.168061     225.061594     26.004487     2.000000     428863.000000     13936.108365     488.294926          b
5397.031855     5397.031855     134.984255     26.045640     433724.000000     433724.000000     10598.873217     301.910394          b
5.656854     5308.237919     137.316131     21.964411     2.000000     458647.000000     11126.446321     309.751911          b
5848.977154     5848.977154     189.342518     23.712150     419046.000000     419046.000000     13127.112514     454.938175          b
5.656854     5730.453208     182.060755     22.859013     2.000000     443789.000000     13723.473352     456.303828          b
5.656854     3842.846881     241.090298     42.741323     2.000000     465298.000000     28965.025128     1868.075875          b
5.656854     5248.588205     191.689879     25.316635     2.000000     445800.500000     15127.525657     564.242232          b
2.000000     6051.361930     224.110647     26.115489     2.000000     346393.500000     12529.476681     538.433589          b
5.656854     4987.218587     127.853198     22.289564     2.000000     456634.000000     11127.463141     305.970309          b
10.000000     5041.073487     109.413836     30.600768     467298.500000     467298.500000     9432.711778     237.114757          b
5.656854     5666.661361     123.653969     28.409205     2.000000     451966.500000     9425.762665     238.519800          b
4.000000     7193.799652     166.016189     27.538731     429090.000000     429090.000000     9694.351821     259.186415          b
0.000000     7055.231110     169.615882     25.522169     0.000000     405905.000000     9588.431398     263.947515          b
2.000000     5006.622693     108.386089     29.950429     2.000000     468705.500000     9268.865684     229.592723          b
6302.440139     6302.440139     141.023679     28.877094     443465.500000     443465.500000     9585.895155     250.095372          b
8.000000     8179.075906     193.821262     27.475922     72.000000     414774.500000     9706.022008     265.028767          b
5.656854     4536.015490     280.190881     46.313048     2.000000     456139.500000     27964.397519     1788.773585          b
7490.485945     7490.485945     179.936170     26.012616     405034.000000     405034.000000     9578.554904     264.696419          b
4289.860285     4289.860285     139.724896     26.642885     260574.000000     260574.000000     7258.192038     279.828726          b
2.000000     6921.022961     149.365908     28.568977     457698.500000     457698.500000     9582.945678     242.521930          b
5.656854     6028.734516     146.872136     26.254940     2.000000     455692.500000     10662.473056     291.181544          b
4.000000     7021.432119     177.750805     26.717321     446128.000000     446128.000000     10971.848935     313.038113          b
226.651802     8172.590628     202.474539     25.970848     876.000000     432694.500000     10569.839935     295.151940          b
227.480229     8656.785705     200.524813     25.580907     875.000000     400808.500000     9145.402016     249.336804          b
7998.060747     7998.060747     188.435789     25.799684     392666.500000     392666.500000     9061.638437     248.779435          b
2.000000     5976.748794     148.743113     24.821728     6.000000     356046.500000     8516.604604     255.809659          b
23.656854     7091.959032     177.109760     26.257599     25.000000     408032.500000     10032.720874     285.654567          b
13.313708     5570.314041     360.024352     53.463131     10.000000     449683.500000     28902.913789     1931.892116          b
15.656854     5622.810636     137.164214     27.459711     7.000000     446670.000000     10519.090349     292.074362          b
7295.941790     7295.941790     176.398750     26.402395     438551.000000     438551.000000     10453.116574     287.003411          b
15.656854     6374.180252     147.802580     27.961576     11.000000     459588.500000     10307.331081     274.336940          b
5.656854     7952.198707     181.277378     30.810960     2.000000     433675.500000     9675.188914     261.939741          b
5.656854     6673.459470     161.755274     27.208056     2.000000     437748.500000     10375.378214     287.442102          b
5.656854     5698.433001     131.575291     28.631952     421391.000000     421391.000000     9199.340476     251.691009          b
2.000000     9013.239456     221.742566     39.527412     451586.000000     451586.000000     10652.852002     319.952951          b
4.000000     6812.513294     181.755817     37.830964     11.000000     447658.500000     11250.274796     359.624763          b
4.000000     8673.467820     243.845572     38.812737     443728.500000     443728.500000     12214.182179     410.978393          b
5.656854     7242.142797     177.375265     34.586590     457201.000000     457201.000000     10646.830191     307.520619          b
5.656854     5406.532296     310.498693     41.270237     2.000000     450819.000000     25685.488589     1517.661238          b
2.000000     7011.643234     194.381696     36.900625     451967.000000     451967.000000     11899.823972     386.832871          b
5.656854     7478.025047     220.044527     38.949513     2.000000     448320.000000     12607.910825     438.585443          b
6915.106222     6915.106222     231.691122     39.984507     429938.500000     429938.500000     13632.723831     523.132797          b
6111.930473     6111.930473     177.395510     33.874507     455659.500000     455659.500000     12443.324504     403.047015          b
2.000000     6483.261425     207.072863     32.875869     0.500000     438191.000000     13561.815388     479.025887          b
5.656854     4566.542400     173.618393     36.442449     2.000000     465350.000000     15344.061350     604.369707          b
5.656854     10332.321842     371.717017     42.900370     2.000000     377485.000000     13242.249112     584.552147          b
2.000000     4892.449036     176.998209     34.345058     2.000000     462848.000000     15335.248372     590.946820          b
4.000000     7080.312281     202.409762     37.025313     76.500000     456287.500000     12392.956197     411.694096          b
5.656854     6389.545696     217.057814     33.982393     2.000000     438375.000000     14300.341493     536.681044          b
5.656854     4693.003298     263.202795     35.582933     2.000000     460288.000000     25530.364572     1462.839506          b
5.656854     7285.307230     243.755415     37.234712     2.000000     441433.500000     14126.408790     536.080943          b
2.000000     7599.865664     238.195071     39.812140     16.000000     442150.500000     13280.320308     486.756318          b
8691.686076     8691.686076     288.788770     35.646711     418413.000000     418413.000000     13656.454448     514.158849          b
3.414214     7741.439261     257.325293     37.511216     0.500000     443331.500000     14180.054997     539.306551          b
5.414214     3784.420475     143.562160     32.986027     1.500000     471594.000000     15531.085022     593.841820          b
2.000000     7822.912348     265.023958     38.723930     2.000000     439014.000000     14345.391786     556.250000          b
2.000000     5584.906967     203.887812     36.338313     2.000000     460343.500000     15380.514339     604.934783          b
2.000000     7914.566239     182.244146     26.775738     1.500000     441767.500000     9405.162716     252.284194          c
5.656854     5429.690797     98.056915     20.524746     2.000000     453800.500000     7781.685258     161.951324          c
5.656854     9108.158289     166.890865     22.865288     2.000000     442068.500000     7561.308155     170.896969          c
11.414214     10300.478258     170.229064     20.893954     1.500000     447494.000000     7259.417090     146.496053          c
5.414214     6013.372036     145.263334     18.793268     1.500000     447776.500000     9840.777172     250.430019          c
6776.790426     6776.790426     128.698749     14.647024     458210.000000     458210.000000     8577.609549     178.708903          c
5639.774058     5639.774058     115.857916     15.898877     435531.500000     435531.500000     8230.835269     182.236260          c
6870.035152     6870.035152     117.739690     14.952462     446909.000000     446909.000000     7451.302880     143.609675          c
11795.467274     11795.467274     214.825287     16.884479     400877.000000     400877.000000     7235.772889     151.792671          c
2.828427     7998.011976     136.904880     15.688881     4.000000     420169.500000     6709.185300     129.771338          c
5.656854     3376.607207     88.425191     12.199866     2.000000     470822.000000     12096.120229     322.370211          c
5.414214     7676.725619     158.648100     23.159612     430513.000000     430513.000000     8162.443822     198.322864          c
5.656854     3852.212326     141.742907     16.692033     2.000000     472046.500000     17236.325973     645.552737          c
5.656854     2970.350286     119.519665     16.465923     2.000000     474525.500000     18387.950136     739.584962          c
5.656854     2854.852812     103.215544     16.299682     2.000000     474852.000000     15408.951312     536.357218          c
5.656854     7972.292074     181.598108     27.165413     1.000000     432093.500000     9654.938142     256.048202          c
2.000000     7131.366108     166.161501     28.721513     6.000000     442146.500000     10077.798270     276.360967          c
2.000000     3295.009227     62.066555     8.279889     0.500000     473765.000000     8923.024910     171.827005          c
2.828427     6525.435086     205.002817     27.011317     1.000000     441905.500000     13618.183531     462.287548          c
5.656854     4593.187062     177.936559     26.069733     2.000000     464476.500000     16570.790579     641.538217          c
5.656854     3086.884336     177.869902     24.314760     2.000000     467977.500000     26928.134608     1581.200997          c
4.000000     6412.567995     205.099129     26.244593     452799.500000     452799.500000     13864.593164     465.376173          c
11316.447941     11316.447941     215.918269     23.231011     407959.000000     407959.000000     7583.670602     180.588195          c
3530.004175     3530.004175     141.638188     21.510581     472803.000000     472803.000000     16855.805240     635.148219          c
5.656854     3018.416301     139.685784     19.885260     2.000000     468067.000000     21589.896685     1018.939232          c
4466.632800     4466.632800     158.513660     21.252469     417432.500000     417432.500000     14018.012239     514.653716          c
10.828427     3951.925087     135.575563     17.828592     4.000000     441024.000000     14892.022171     522.258562          c
5.656854     2999.119838     98.994368     14.290738     2.000000     474609.500000     15613.173479     524.969664          c
4.000000     4773.059206     148.287832     20.984282     46.000000     430078.500000     12398.633088     391.605154          c
2.000000     3206.482317     96.671761     15.582096     2.000000     473631.500000     14196.496806     439.762140          c
5.414214     5552.619729     163.987257     23.085620     1.500000     406784.000000     11231.869691     351.819741          c
5.656854     7611.674764     215.307269     25.285499     2.000000     411544.500000     11611.817725     356.972112          c
2.000000     4856.748793     274.366476     45.948809     2.000000     251508.500000     9188.366989     512.949575          c
7.414214     8390.698269     158.625545     21.826306     0.500000     442442.500000     7987.903114     177.310952          c
2.000000     6519.324477     249.860593     40.337532     2.000000     374638.000000     13530.410319     586.761408          c
8.000000     9648.342051     320.568875     37.505647     406403.000000     406403.000000     13369.545575     497.096425          c
8.000000     7251.144882     239.741373     40.263259     353536.500000     353536.500000     11232.988051     475.438053          c
5698.734515     5698.734515     186.389612     43.032128     436912.500000     436912.500000     12998.825479     484.228078          c
5.656854     8644.798774     277.133196     29.059507     2.000000     416798.000000     13253.440859     461.325405          c
6.828427     6433.216834     234.530363     36.594918     1.000000     297109.000000     9719.882675     449.941433          c
3.414214     9964.336122     330.667305     43.601391     0.500000     272608.000000     8447.341178     394.413362          c
5.656854     6135.386317     196.403134     26.764048     2.000000     457262.500000     14196.795870     489.794118          c
4.000000     4114.275374     122.831243     20.549615     2.000000     445129.500000     11582.860908     345.126522          c
5.656854     6223.146639     152.098563     17.141641     2.000000     444786.500000     10321.086570     263.391012          c
0.000000     14179.254401     303.882299     30.048473     0.000000     414898.000000     8680.540918     231.254923          c
5.656854     6714.866545     153.640030     16.895150     2.000000     437611.500000     9840.264931     242.488366          c
5.656854     6850.427069     145.489381     19.757481     2.000000     370784.000000     7625.789544     186.867809          c
3.414214     5104.293830     113.242707     20.018668     0.500000     431192.500000     8250.068852     193.398317          c
5.656854     13157.419713     358.696570     40.576964     1.000000     374852.500000     9989.024187     360.996809          c
2.000000     6249.490998     199.981850     32.693587     4.000000     239978.000000     6946.207828     291.189290          c
2.000000     9879.223424     252.933981     34.673954     2.000000     399747.000000     9928.211217     327.078558          c
6.000000     12209.741443     296.464840     25.587748     0.000000     308101.000000     7365.448079     231.922433          c
11108.936190     11108.936190     254.651725     23.704275     381413.500000     381413.500000     8587.500794     230.709114          c
3.414214     9093.072942     210.957627     25.160220     424244.000000     424244.000000     9421.939593     254.778462          c
5.656854     9224.528785     201.371389     24.334163     13.000000     435180.000000     9263.476800     235.775261          c
5.656854     9035.648620     171.646929     22.741143     2.000000     442557.500000     8045.329151     183.325677          c
5.656854     8145.689044     163.635151     23.320262     2.000000     445279.500000     8751.718428     206.184312          c
3.414214     7998.534715     162.012320     22.111906     443185.000000     443185.000000     8833.791020     206.140501          c
5.656854     5562.856441     143.045265     19.485370     2.000000     255831.500000     5608.920383     177.198643          c
5.656854     6939.595676     141.989319     18.126555     2.000000     332665.500000     6454.161821     171.361131          c
482.433546     9431.739020     202.888696     19.644059     6070.500000     421986.000000     8908.008087     217.507127          c
4584.158834     5073.462436     154.898006     19.652351     250291.000000     250291.000000     6763.503689     234.099759          c
3.414214     4321.807340     106.606941     17.805010     0.500000     464114.000000     10076.220656     243.358793          c
34.142135     7577.137745     182.849404     20.286251     57.000000     448797.000000     10703.927391     279.628344          c
5.656854     5235.999452     146.377107     20.978250     2.000000     412960.500000     11080.825047     336.075126          c
5.656854     4518.487699     129.172039     20.481911     2.000000     398078.000000     10781.147664     336.160088          c
74.870057     14786.312395     281.208110     24.825622     77.500000     376180.000000     6995.675970     172.800000          c
5.414214     6323.795478     144.775323     18.719996     1.000000     420173.000000     9299.057691     237.756598          c
5.656854     4855.662240     121.714701     18.877351     2.000000     459583.500000     10843.907747     285.529788          c
2.000000     6565.435086     146.212212     18.129575     2.000000     441776.500000     9566.078880     230.093340          c
5.656854     6035.369071     128.474095     17.625525     2.000000     428033.000000     8692.407754     208.160016          c
4.828427     7832.500224     163.861683     17.789576     437465.000000     437465.000000     8823.036250     202.171208          c
8305.686077     8305.686077     171.705322     18.005910     424328.000000     424328.000000     8478.767815     195.466879          c
6.000000     15817.872922     325.220870     32.746118     2.500000     348962.500000     6922.535675     192.210341          c
3.414214     11311.972765     226.694950     27.486227     20.500000     409259.000000     7789.553889     190.132683          c
2.000000     9149.642689     226.710485     29.803116     7.500000     192405.500000     4891.482264     185.390234          c
8.000000     10785.081286     215.856581     21.325863     7.500000     426809.000000     8419.615299     190.642663          c
1711.682448     18719.362705     353.893042     25.816482     7525.500000     289568.000000     5384.866981     140.038130          c
6.828427     7410.049434     126.275522     21.262054     97.000000     420203.000000     6830.135372     139.726973          c
7831.002752     7831.002752     127.489105     18.684172     445031.500000     445031.500000     7134.483235     134.363625          c
4.000000     6457.819862     115.130249     18.146215     429227.000000     429227.000000     7363.175901     151.881498          c
19.071068     7272.853476     117.633180     19.997145     15.500000     433450.000000     6853.293082     129.785446          c
10.828427     12003.030762     233.412470     24.937462     3.000000     395585.000000     7585.896623     178.248989          c
2.000000     14243.888960     408.368384     54.004759     16.000000     309169.500000     7709.728620     315.963267          c
2.000000     17453.589861     436.041348     50.576517     25.500000     383620.000000     9377.574633     332.903524          c
2.000000     13934.249346     331.563646     45.624214     413246.000000     413246.000000     9406.726780     310.171414          c
5.656854     12398.261208     287.489224     43.041795     2.000000     390303.000000     8832.863153     280.231045          c
2.000000     7114.240339     184.308393     38.464793     106274.500000     261454.000000     5988.903597     235.006982          c
2.000000     10747.323929     198.994826     22.794052     2.000000     437454.500000     7973.023042     177.392525          c
2.000000     7645.401806     175.960626     37.084844     16804.500000     354025.000000     7449.933339     234.361467          c
2.000000     9992.799985     201.379836     33.733961     4.000000     440112.500000     8568.574328     231.119363          c
2.000000     8387.367315     176.324102     30.783370     3.500000     446750.000000     8516.705472     227.502719          c
2.000000     9942.152355     227.550896     40.880549     26.000000     444857.500000     9634.454552     295.097795          c
2.000000     8720.962327     184.367685     33.488732     2.000000     440529.500000     8543.651292     238.814237          c
3.414214     10139.743194     205.003950     31.662628     0.500000     436280.000000     8371.389951     224.636949          c
2.000000     11874.119073     254.567626     30.378692     1.500000     406235.000000     8456.554749     230.141464          c
7282.326565     7282.326565     171.924104     29.097877     455238.500000     455238.500000     10111.520342     298.223096          c
5.656854     6762.163008     160.839015     27.928014     2.000000     443994.000000     10108.936614     294.418520          c
2.000000     5883.094906     144.906930     26.723949     445205.000000     445205.000000     10504.150750     300.997494          c
5.414214     5027.301846     199.760130     47.798826     0.500000     460888.000000     17737.998394     805.511128          d
5.656854     4513.270322     192.620408     49.251165     2.000000     462827.500000     19348.106901     929.800350          d
5.656854     3355.234622     120.153178     30.766972     2.000000     472617.000000     16614.808139     634.198639          d
4.000000     5070.865335     210.011308     53.684908     2.000000     460344.000000     18367.216479     873.952951          d
3.414214     5111.568872     220.966151     48.072870     0.500000     461969.500000     19748.827156     958.744505          d
5.656854     4467.571838     192.898447     48.511734     2.000000     465539.000000     19378.150283     927.319444          d
2.000000     3901.633677     194.645653     50.643130     2.000000     467485.500000     21470.777453     1120.698732          d
4669.211448     4669.211448     199.745410     48.560562     465756.500000     465756.500000     19438.013941     937.873473          d
2.000000     5124.645323     159.133046     27.242063     0.500000     59179.500000     1429.833076     95.077579          d
2.000000     4393.511207     164.306026     27.242558     1.000000     69435.500000     1832.212388     113.929189          d
4.000000     3209.433877     134.129416     28.974253     21.000000     59498.000000     1915.263307     140.013396          d
2.000000     4310.457384     146.829907     26.874415     0.500000     57694.000000     1494.813440     102.609810          d
2.000000     3846.704746     169.607719     44.882567     0.500000     468313.000000     19717.230454     942.862345          d
4.000000     3250.972981     142.665278     26.541571     2.000000     29501.000000     1274.914952     106.905155          d
2.000000     3216.061293     135.577615     24.808289     2.500000     30668.000000     1295.808463     104.444112          d
2.000000     2791.586118     128.295825     25.069188     10.500000     35043.500000     1365.997495     106.811696          d
6.000000     5355.650379     153.801283     25.528188     130.000000     63656.500000     1739.323546     111.206038          d
2.828427     5892.760110     162.326969     26.264770     417.000000     68241.000000     1783.151723     113.960700          d
21.656854     3761.171026     140.961807     25.158343     11.000000     85032.500000     2242.896001     126.305316          d
11.656854     4796.145762     151.515948     23.268784     7.000000     97208.500000     2441.115431     117.601901          d
3.414214     4114.349739     141.711885     24.529361     138.000000     66146.000000     1941.320180     122.112282          d
2.000000     3768.243849     74.351616     18.474895     1.000000     472701.000000     8987.653316     193.236166          d
2.000000     4240.174870     82.184383     18.933897     1.000000     471378.000000     8736.483879     185.032302          d
13.656854     6411.972102     255.950946     53.343828     14.000000     451507.000000     17612.549612     815.326220          d
3626.153450     3626.153450     74.846004     17.584871     472903.500000     472903.500000     9565.485617     212.905649          d
3575.182887     3575.182887     77.263220     18.057983     472972.500000     472972.500000     10017.632265     232.240799          d
2.000000     4843.242971     105.165589     20.889423     7.500000     468598.000000     9940.581031     237.179199          d
2.000000     4999.936403     107.148031     22.055974     468802.500000     468802.500000     9753.653664     232.042010          d
5.656854     5051.468367     110.276367     22.729571     2.000000     465631.000000     9736.406402     235.638889          d
5.656854     5002.154660     105.820691     20.789839     2.000000     467293.000000     9682.500384     226.828179          d
4.828427     3669.449912     82.752610     18.044576     472668.000000     472668.000000     10474.934940     252.733170          d
5.656854     3858.805251     84.398503     18.830382     2.000000     472328.500000     10115.775135     239.150757          d
5.656854     4537.998243     97.384458     19.428788     2.000000     470706.000000     9916.364411     232.363011          d
5.656854     4062.729131     86.178101     19.314290     2.000000     472066.000000     9641.721099     221.092863          d
5.656854     6017.722324     241.871877     54.622597     2.000000     451284.000000     17590.529888     822.380518          d
5.656854     3913.859074     85.867353     20.545932     2.000000     471212.500000     9837.958932     232.889882          d
2.000000     4672.608416     99.868347     20.614715     2.000000     469700.500000     9768.108901     230.051709          d
4.000000     4456.057120     95.076598     20.858486     1.000000     469120.000000     9676.866635     227.745849          d
2.000000     4775.034822     100.284055     21.986865     468326.500000     468326.500000     9371.916740     218.764423          d
5921.957823     5921.957823     116.325900     21.382715     464428.000000     464428.000000     8736.344991     194.442478          d
5.656854     7302.704201     138.098814     21.551946     2.000000     454740.500000     8359.694559     183.607336          d
5.656854     6876.069645     132.623572     21.561736     2.000000     456434.000000     8554.215604     189.835734          d
5.656854     4771.703868     102.201991     20.520347     2.000000     467009.000000     9762.967108     230.058811          d
5.656854     5957.178167     124.508017     21.749899     2.000000     451569.000000     9204.081432     216.603076          d
5.656854     5516.837987     119.871365     22.304448     2.000000     464686.500000     9768.034293     235.813882          d
2.000000     7774.198707     311.759873     56.301252     7.000000     435895.500000     17174.541544     810.465785          d
5.656854     4448.843917     100.189112     20.340343     2.000000     470743.500000     10424.546115     256.118253          d
2.000000     3755.876318     85.337398     20.801843     79.500000     472471.000000     10189.214873     247.515589          d
4071.464192     4071.464192     88.125782     21.038073     471219.000000     471219.000000     9765.980714     231.443275          d
5.656854     3935.457054     87.600506     20.861059     2.000000     472117.500000     10146.202387     246.142329          d
3679.567663     3679.567663     86.137902     18.901373     472766.000000     472766.000000     10885.740806     272.779576          d
5.656854     3502.070190     81.337300     18.770233     2.000000     473338.500000     10779.560997     267.739751          d
3724.805251     3724.805251     114.256088     25.673172     470948.500000     470948.500000     14096.539472     463.040807          d
2.000000     3478.531087     115.463239     24.982392     0.500000     473025.500000     15427.336815     541.686901          d
5.656854     3302.021419     122.111294     26.066804     2.000000     473051.500000     17146.868004     662.654605          d
2.828427     3271.577767     94.593641     21.965006     473588.000000     473588.000000     13357.005965     410.380175          d
5.656854     3463.040751     155.424832     50.608501     2.000000     471551.500000     19662.591196     961.537456          d
5.656854     3296.347321     103.188678     22.764608     2.000000     472525.000000     14485.328819     478.352775          d
2.000000     3164.256921     111.357290     22.776706     0.000000     474061.500000     16434.191370     601.152226          d
0.000000     3161.126978     109.340914     23.298275     0.000000     473542.000000     16127.931191     582.562718          d
5.656854     3459.803164     105.957617     25.375205     2.000000     472537.000000     13927.686734     454.218261          d
2.000000     3482.087435     112.627957     24.859747     2.000000     472217.000000     14991.923274     515.433905          d
3258.607206     3258.607206     108.113312     24.230845     473413.000000     473413.000000     15399.162873     539.114407          d
2.828427     3301.979789     106.675435     24.690455     473330.000000     473330.000000     14907.618488     510.109235          d
2.000000     3679.124012     116.421909     25.482971     471336.500000     471336.500000     14503.711772     488.092417          d
5.656854     3913.030647     117.051373     27.118045     2.000000     470742.500000     13537.921362     437.391142          d
5.656854     3384.364566     115.164724     23.338595     2.000000     473108.500000     15884.491661     565.897856          d
2.000000     4383.932229     187.976791     48.578670     2.000000     466689.500000     19375.907707     933.632988          d
5.656854     3083.671133     107.999620     22.934878     2.000000     473739.000000     16305.802879     594.347568          d
14.828427     3623.207272     103.876496     23.465028     12.000000     471243.500000     13054.434620     400.187788          d
2.000000     3932.871266     113.038801     24.217892     2.000000     471189.000000     13128.711060     406.019037          d
5.656854     3938.528120     115.793747     26.927359     2.000000     468735.000000     13204.603361     419.669579          d
2.000000     3940.746376     98.834831     23.886686     2.000000     470744.500000     11522.113761     316.295564          d
5.656854     3333.879285     97.095967     26.085475     2.000000     473204.500000     13480.724479     422.413485          d
5.656854     3164.925967     98.469095     25.258459     2.000000     473887.000000     14385.746230     473.634686          d
5.656854     3635.785920     114.364451     25.703689     2.000000     471922.500000     14501.172459     485.241966          d
5.656854     3081.629504     102.909866     29.230387     2.000000     473933.500000     14948.994445     525.595120          d
2.000000     3296.322935     108.012516     29.901961     2.000000     473105.000000     14769.279753     516.211707          d
5.656854     5014.095783     210.525990     51.562215     2.000000     461748.000000     18942.724414     909.372681          d
2.000000     3510.915862     112.114736     30.276303     2.000000     471964.000000     14393.984211     494.726257          d
5.656854     3518.347321     103.900513     27.477471     2.000000     472276.000000     13649.457504     437.370819          d
2.000000     3233.837654     96.460644     25.423852     29.000000     473315.000000     13842.458220     442.347603          d
2.000000     3451.401143     111.665045     24.369081     15.500000     472629.000000     15104.366877     515.255624          d
4.000000     3538.714852     120.884749     28.511503     1.000000     473013.000000     15696.619489     571.055678          d
2.000000     3891.616433     134.123620     30.110282     470292.000000     470292.000000     15870.559000     589.094071          d
4.000000     3343.778779     102.531464     25.955169     473156.000000     473156.000000     14304.236986     470.072736          d
2.000000     3451.317883     105.376311     25.222077     2.000000     472579.000000     14273.793803     467.101370          d
5.656854     3118.156415     100.471619     25.165069     2.000000     473450.000000     15008.353486     512.358149          d
2.000000     3465.560523     123.431139     27.390726     473068.500000     473068.500000     16610.555498     624.197531          d
2.000000     3557.768674     198.781263     56.144122     1.000000     464951.000000     23480.866356     1354.480818          d
3192.641697     3192.641697     111.374439     28.532877     474041.000000     474041.000000     16191.691377     599.192757          d
5.656854     3208.624451     113.882202     30.002995     2.000000     473277.500000     16426.304455     621.648372          d
3535.158503     3535.158503     111.777515     26.824206     472586.500000     472586.500000     14752.816788     501.070244          d
3455.317883     3455.317883     108.154933     25.912351     472863.000000     472863.000000     14612.721091     489.941205          d
3279.109733     3279.109733     106.873683     26.581482     473632.500000     473632.500000     15159.478761     526.438974          d
3455.803164     3455.803164     108.625867     26.118428     473206.000000     473206.000000     14672.435065     493.897979          d
3178.541191     3178.541191     104.186040     26.188066     474053.500000     474053.500000     15235.565447     529.343847          d
3132.884337     3132.884337     107.809812     27.142998     473976.500000     473976.500000     16003.842794     581.132420          d
5.656854     3299.737149     117.129050     28.262935     2.000000     473375.500000     16549.890221     620.471848          d
5.656854     3408.246816     119.987809     29.338761     2.000000     473055.500000     16398.874227     613.482551          d

