id/name    minimPerim   maximPerim   deviatiePerim    mediePerim   minimArie   maximArie   deviatieArie    medieArie  tip 
2.000000     13912.210685     359.914569     42.815956     8.000000     399517.000000     10063.672843     342.546261          a
5.656854     10608.117866     280.774823     41.607652     2.000000     405733.500000     10248.724989     360.907384          a
2.000000     10243.559432     271.571894     40.543372     38.000000     398354.500000     10063.973498     357.352960          a
4.000000     11975.585022     279.874062     37.434178     4.000000     422873.000000     9636.697507     292.757529          a
4.000000     8936.594797     219.838600     36.752203     1.500000     429087.500000     10090.281086     316.585959          a
3.414214     8261.207933     198.581083     34.416841     0.500000     452824.500000     10288.706543     312.078907          a
2.000000     10514.260006     274.912093     39.780726     15.000000     403986.500000     10038.622471     338.526202          a
5.656854     10200.613253     267.108068     39.001892     2.000000     429370.500000     10427.888884     349.843016          a
5.656854     8958.945082     229.341093     37.692746     2.000000     434337.000000     10443.826241     337.333430          a
5.656854     7990.448488     185.171990     34.312661     2.000000     439290.500000     9634.185195     282.172115          a
9.414214     18499.486388     475.046405     43.796250     2.500000     221668.000000     5600.927965     220.662746          a
4.000000     9560.491327     231.357741     35.768297     45.500000     433963.500000     10064.856165     311.114186          a
2.000000     8369.024169     201.648722     34.421894     447779.000000     447779.000000     10107.915542     303.827735          a
2.000000     8535.408946     206.374670     35.163410     1.000000     441793.500000     9905.839540     294.864390          a
2.000000     9793.018240     366.871265     46.498543     6.000000     395415.000000     14562.008213     640.932836          a
2.000000     8079.879944     304.823765     45.395516     2.000000     418517.500000     15171.482020     664.508541          a
2.000000     7169.047346     263.455585     42.870141     0.500000     416530.500000     14723.614293     626.161875          a
10.828427     785.678273     46.791844     23.299389     3.000000     2292.500000     122.970713     36.928153          a
3.414214     796.991982     41.149016     21.322917     0.500000     2300.500000     102.452161     30.364013          a
3.414214     641.653888     37.489383     20.617342     0.500000     1924.500000     89.506999     27.669226          a
2.000000     800.891477     50.193335     23.455673     0.000000     2290.000000     137.504819     39.264677          a
17.071068     21951.177185     549.002172     42.918274     7.500000     266987.500000     6592.383111     234.876596          a
3.414214     804.063050     42.634127     22.107958     0.500000     2294.000000     110.649185     33.115303          a
2.000000     650.139170     39.160578     21.106601     0.500000     1916.500000     97.217027     29.906182          a
2.828427     800.891477     53.187629     24.352077     0.500000     2290.000000     151.049777     42.215017          a
4.000000     559.712764     44.408509     23.111034     0.000000     1666.500000     113.970146     35.565174          a
4.000000     523.185853     36.759548     21.549375     2.000000     1378.000000     80.971728     29.212083          a
2.000000     957.643783     46.089839     22.378116     3.000000     4470.500000     163.115373     37.291546          a
4.000000     341.747254     32.039252     20.605939     5.000000     1361.000000     70.862398     27.276417          a
2.000000     344.575681     29.040455     19.544802     17.000000     803.500000     56.957932     23.720901          a
4.828427     788.950352     44.911659     23.018585     0.500000     3852.000000     140.018341     36.803947          a
2.000000     341.747254     30.465759     20.248843     0.500000     804.500000     63.822594     25.965689          a
2.000000     14954.048339     383.088139     40.586829     9.000000     292860.000000     7315.860885     256.313396          a
2.000000     344.575681     27.276132     19.191988     4.500000     803.500000     53.819833     22.711568          a
0.000000     6135.561186     224.615606     42.756024     0.000000     36451.500000     1350.830929     161.002258          a
4.000000     3454.595346     203.561531     42.902521     2.000000     22915.000000     1263.385976     175.967213          a
4.000000     3638.761866     195.977239     43.341329     2.000000     18750.000000     1197.768945     174.855530          a
12.242641     3640.075575     195.790752     45.038700     6.500000     15518.000000     1155.389776     179.040065          a
2.000000     4524.523400     202.198296     43.702083     0.500000     40283.500000     1507.686780     192.389522          a
0.000000     5808.198707     234.789076     44.821033     0.000000     50271.500000     1701.750687     194.890052          a
2.000000     3577.791304     195.504400     44.300775     1.500000     15529.000000     1153.221617     174.720288          a
15.656854     3616.619731     201.819839     43.202551     6.000000     23021.500000     1253.834107     176.664580          a
8.828427     3729.774058     195.083795     43.510510     2.000000     15075.500000     1147.404018     176.000000          a
2.000000     12989.010552     324.321885     40.794643     0.500000     346882.000000     8261.909474     282.687995          a
8.242641     215.923880     28.047971     20.803235     1.500000     1183.500000     76.787018     29.920420          a
6.000000     654.038665     43.343765     22.154027     15.500000     2816.000000     154.559602     38.717521          a
2.000000     1113.685413     57.408136     23.189979     4.500000     5315.000000     232.073762     45.310196          a
2.000000     1110.614346     70.258035     26.778195     9.500000     22334.500000     753.093004     79.204313          a
5.656854     536.600067     40.115294     23.118959     10.000000     2428.500000     138.756808     40.187440          a
5.414214     691.109732     53.522506     27.496147     2.500000     2862.500000     201.070198     56.914903          a
2.000000     1152.354460     65.828084     26.830074     24.500000     5612.500000     279.256322     58.825456          a
6.000000     1095.300638     70.981805     28.119989     0.000000     22326.500000     788.455740     84.528986          a
2.000000     3951.597432     113.051481     28.887849     48.000000     11386.500000     327.900584     51.931306          a
2.000000     1846.736271     92.851056     32.665966     84.000000     8007.500000     343.575601     68.307760          a
2.000000     20778.254183     517.396994     42.929114     0.500000     278855.000000     6839.877726     242.531194          a
2.000000     934.690466     53.175158     25.762482     3.500000     3443.000000     156.686319     39.682110          a
2.000000     1041.744289     57.582284     27.933422     37.500000     3793.000000     161.320656     44.016365          a
2.000000     973.259007     65.283756     28.824042     2.000000     3541.000000     196.745621     47.698433          a
2.000000     16828.404009     411.508592     39.983925     193.500000     296924.000000     7009.987492     243.902662          a
21.656854     19268.051965     482.487978     43.188534     26.000000     275692.500000     6809.978178     248.000609          a
5.656854     8283.609955     209.877924     37.334608     2.000000     434004.500000     10062.559870     322.499732          a
2.000000     14794.405761     403.164431     42.485504     46.000000     186026.000000     4982.481774     216.994715          a
2.000000     10817.941240     507.674794     52.132558     3.000000     440788.500000     20440.915412     1077.870450          b
5.656854     6662.263512     226.916874     37.800756     2.000000     447227.500000     14874.309852     563.702658          b
5.656854     9932.647742     424.088509     47.919397     2.000000     407435.500000     17281.215069     817.018919          b
456.977702     5189.781199     244.746699     40.087270     1586.500000     322751.000000     12549.134837     640.338755          b
5.656854     6986.665533     268.975720     42.679588     2.000000     441764.500000     16543.594345     702.732444          b
5.656854     4915.732429     204.219581     35.445502     2.000000     351717.000000     11959.684016     524.808939          b
5.656854     6667.729463     269.115132     42.059295     2.000000     437866.500000     17253.273685     757.544323          b
10.000000     5861.524276     208.515376     37.372933     12.000000     452437.500000     15573.350864     605.769870          b
154.852812     6146.006593     212.011040     36.353264     367.000000     440139.000000     14682.476301     560.317929          b
11.899495     6356.991436     222.799443     36.328273     9.500000     417375.000000     14156.024186     567.172018          b
21.656854     7432.778565     187.758088     20.926239     18.000000     110397.000000     2299.641648     93.308886          b
4.000000     10915.455957     431.570106     41.898603     1.000000     406001.500000     15998.161637     686.754277          b
2.000000     9781.543394     189.513024     18.928252     7.000000     137644.500000     2544.298780     89.184675          b
27.071068     12468.980236     229.052574     20.208890     10.500000     200883.000000     3515.853870     105.386078          b
258.835567     12947.337660     267.372231     22.527630     447.500000     158306.000000     3153.341288     113.286634          b
22.485281     12155.825909     287.089688     25.948971     8.000000     73149.500000     2045.804502     104.563358          b
3.414214     11158.902912     228.106923     19.520352     3.000000     125735.500000     2522.762524     83.469902          b
8.828427     10522.469362     228.076112     19.179728     3.000000     132573.500000     2612.462661     83.649809          b
2.000000     9086.318880     216.491448     20.638258     1.000000     138409.500000     2790.702595     96.442308          b
2.000000     15793.648737     248.111468     18.790896     1.000000     213006.000000     3344.985150     88.565411          b
3.414214     16568.324927     282.354766     19.305710     3.000000     145765.000000     2797.407215     79.360893          b
0.000000     16367.249679     385.663276     33.875856     0.000000     114585.500000     2573.895831     118.046288          b
9.071068     5791.636101     249.035901     41.131125     5.500000     346541.500000     13233.807383     656.082163          b
2.000000     9903.203215     272.717567     31.544218     11.500000     74815.000000     2099.614108     118.190399          b
109.941125     12284.279668     297.014062     30.675127     289.000000     101125.000000     2289.632650     115.796875          b
14.000000     14684.738809     347.826206     31.678552     0.000000     93334.000000     2130.688238     109.568569          b
11.414214     11020.847002     275.701525     32.261311     6.500000     72792.500000     1698.932215     108.052826          b
2.000000     12773.039111     304.870619     31.363381     44.500000     93887.000000     2052.959124     106.856485          b
2.000000     9610.565692     295.521625     30.015206     12.500000     68422.000000     1927.127834     103.842492          b
5.414214     11773.211565     280.216200     29.171074     2.000000     92207.000000     2094.688278     106.610698          b
10.242641     12801.240125     309.751208     29.336940     5.500000     106145.000000     2309.300074     108.046604          b
2.000000     15479.755179     328.287684     29.591798     0.000000     113779.500000     2291.698034     100.900987          b
8.000000     17042.484309     337.995231     29.622097     0.000000     121787.500000     2338.749237     99.286034          b
4836.210570     4836.210570     190.752620     39.551082     404185.500000     404185.500000     14097.971663     601.228155          b
7.414214     23522.454657     438.874705     29.160093     0.500000     181752.500000     3349.760916     107.690783          b
4.000000     23925.966408     440.977255     29.564311     152.000000     200265.000000     3643.377404     114.339466          b
2.000000     27258.838880     491.546210     28.927077     58.000000     237191.500000     4235.598680     118.579791          b
6788.171360     9416.492537     271.823407     29.776633     61369.000000     110721.000000     2492.720378     119.746757          b
2.000000     19414.673454     372.129631     30.841942     565.500000     195191.500000     3596.551618     122.297911          b
2.000000     15496.119737     336.438173     29.822053     0.000000     105787.000000     2149.080884     95.627593          b
2.000000     18790.370733     392.676179     36.874307     195155.500000     195155.500000     3844.004686     140.268823          b
3.414214     17868.245837     361.558385     30.923975     0.500000     181074.000000     3420.085778     123.085208          b
2.000000     27293.868323     482.478428     28.279687     1.500000     222718.500000     3917.018225     107.425653          b
2.000000     26132.158525     466.326694     28.872552     0.000000     214173.500000     3775.598070     110.017824          b
17.313708     5820.041085     202.341875     39.289206     17.000000     442154.000000     14690.133502     571.118232          b
2.000000     10837.006380     280.458971     30.416204     12.500000     83970.000000     2070.272138     110.709769          b
3.414214     15122.576465     320.919320     30.500999     0.500000     101879.000000     2071.240537     99.426773          b
392.090400     23550.932795     429.987204     31.184272     930.500000     262741.000000     4682.541514     134.086326          b
6.000000     1884.878405     95.480915     38.040164     0.000000     7447.500000     281.377485     71.056799          b
6.828427     1551.716938     82.872835     35.768012     1.000000     6296.500000     245.996988     65.194493          b
11.656854     1492.621486     69.982706     31.232193     8.000000     3907.000000     172.749351     52.640514          b
77.597979     1768.192112     73.158955     27.841914     128.000000     4581.500000     180.540220     45.136762          b
8.828427     1877.966718     88.572630     39.565200     2.000000     4960.500000     230.013210     72.840939          b
15.071068     1714.042839     76.191160     33.220272     11.500000     4733.000000     198.739663     58.320800          b
2.000000     1756.535258     71.410838     30.777858     0.000000     4578.500000     178.500300     52.222579          b
4.000000     8357.668831     280.795729     40.331443     8.500000     414696.500000     13678.812917     521.479303          b
2.000000     1748.535258     73.370071     27.895106     0.500000     4588.500000     186.299685     46.218433          b
2.000000     1768.192112     72.730892     27.547946     0.500000     4581.500000     191.868033     47.026328          b
2.000000     2718.473420     107.482303     36.027122     6.500000     7347.000000     303.821099     67.417465          b
2.000000     1493.817443     84.991758     29.955146     2.000000     5515.000000     255.419728     54.720501          b
11.071068     1866.719026     77.931950     27.989715     1.500000     6586.000000     231.885542     49.761514          b
2.000000     1847.748463     75.667502     26.787933     0.500000     6721.000000     224.454384     45.965722          b
2.000000     1849.405317     64.782709     22.339297     270.000000     6721.000000     191.793161     33.296567          b
2.000000     1748.795146     59.530414     21.279673     10.000000     6191.500000     176.179273     30.439455          b
4.000000     1766.836776     60.295758     22.332823     1.000000     6179.000000     168.615956     31.662627          b
2.000000     788.565575     51.748770     23.719810     6.000000     2086.000000     130.687010     35.796000          b
5.656854     8196.767248     307.363615     43.096731     2.000000     404120.500000     14833.243024     635.301887          b
3.414214     797.879284     49.133050     24.932080     134.000000     1992.000000     123.465936     37.982268          b
48.727922     1840.594135     74.176742     27.799371     50.500000     7347.500000     230.526205     48.159762          b
4.000000     2734.615555     92.569320     31.410230     1.000000     7350.500000     265.812414     55.733528          b
2.000000     1324.278340     67.157562     30.784039     17.000000     3428.000000     165.430649     51.812757          b
11.414214     825.092487     49.097794     24.726138     2.500000     2091.500000     121.069442     37.215678          b
6.828427     1781.741322     83.278048     33.226045     3.000000     7087.000000     247.560609     59.697168          b
3.414214     2200.601276     90.210116     39.229888     13.000000     8307.000000     282.927770     71.175732          b
3.414214     1165.325022     69.586219     34.137149     0.500000     2924.500000     167.876056     56.602441          b
11.414214     1257.165641     62.715811     29.586407     2.500000     2790.000000     146.029537     45.595157          b
2.000000     1807.439808     92.632430     38.303113     96.500000     7170.000000     311.045099     72.683870          b
5.656854     7479.525486     307.251210     43.799127     2.000000     435268.000000     17564.839141     786.681077          b
6.828427     2107.530207     97.827710     34.618453     1.000000     8128.500000     310.154334     64.903171          b
2.000000     3227.198375     111.164752     33.081667     9.000000     11233.000000     377.475196     63.592127          b
2.000000     8221.954311     185.446568     29.943832     1.000000     33547.000000     726.674173     60.338835          b
2.000000     16395.447727     331.972709     33.164146     23.000000     78065.000000     1561.507849     80.545755          b
0.000000     10870.535377     253.059451     31.330379     0.000000     86560.000000     2041.320371     107.800164          b
12.828427     5041.893016     141.440721     29.095580     3.000000     51075.000000     1122.952487     78.439618          b
2.000000     3106.931350     105.879958     25.316836     8.000000     20586.500000     506.012875     47.473575          b
2.828427     5171.088974     128.618571     26.824096     0.500000     51178.000000     1118.188590     69.561647          b
58.384776     7687.513626     186.193865     33.587166     64.500000     32735.000000     760.724697     71.148957          b
4.828427     10581.366769     242.976557     30.245816     1.000000     84568.500000     1964.675135     102.530020          b
2.000000     5777.056241     210.685957     37.869320     2.000000     450255.000000     15859.347800     629.496273          b
2.000000     10913.706948     238.698366     30.220883     2.000000     102463.000000     2042.962495     93.281356          b
11.071068     6957.558221     160.954811     31.570506     5.500000     29480.000000     646.772358     63.015321          b
6.000000     9932.440801     226.571703     29.627220     3.500000     85516.500000     1930.214526     100.015806          b
6.828427     12029.877644     258.164037     30.629679     1.000000     87788.000000     1760.878006     85.358013          b
2.000000     5270.787459     128.020373     26.231111     5.000000     51284.500000     1116.650612     66.920491          b
4.000000     12498.654337     262.384516     30.521100     8.000000     59705.500000     1213.729137     70.251165          b
0.000000     5161.289985     136.793927     28.284132     0.000000     51251.000000     1121.674024     75.129991          b
2.000000     2254.851056     83.816695     25.429005     3.000000     6706.000000     274.980570     44.922401          c
0.000000     814.121925     38.115093     20.698762     0.000000     2198.000000     83.189438     26.096461          c
2.000000     452.416301     26.100311     16.543889     5.000000     893.500000     47.645977     17.043682          c
20.242641     1054.815357     37.233237     20.136393     4.500000     2468.500000     81.673745     25.151453          c
0.000000     2446.189150     82.336173     20.725913     0.000000     15008.500000     380.307879     40.694357          c
2.000000     3284.075575     92.705983     21.412522     0.000000     14576.000000     364.150037     37.721269          c
34.727922     2216.466281     88.803447     20.689984     26.500000     10990.500000     355.667065     36.429185          c
90.325901     1946.542399     60.282024     18.968151     189.500000     6640.000000     201.870753     27.879869          c
2.000000     2103.336337     65.413964     19.736092     2.500000     5985.000000     180.421705     28.320596          c
0.000000     769.536139     44.398320     16.766006     0.000000     3088.500000     112.165028     19.793163          c
16.242641     15125.620181     229.421585     18.917068     1.500000     329408.000000     4802.878704     99.369538          c
2.000000     2229.253077     71.158287     25.829190     4.500000     6507.000000     204.413093     41.497209          c
2.828427     11503.165763     181.910546     17.395214     2.000000     423201.500000     6283.118791     119.599626          c
2.000000     10915.955521     183.791334     17.806731     6.000000     436645.500000     7025.816998     143.405322          c
13.656854     14406.295155     249.160932     19.680461     7.000000     343389.500000     5690.020814     126.085765          c
10.000000     10141.269227     247.667902     39.247092     10.000000     68054.500000     1496.747633     100.179338          c
2.000000     3680.300968     112.172199     32.803134     1.500000     12637.000000     399.789505     69.675646          c
5.656854     20900.753746     434.598456     33.775028     0.500000     354256.000000     7245.402657     202.488523          c
2.000000     18751.858098     423.290920     36.244108     1667.000000     247341.000000     5515.768977     197.544254          c
2.000000     13781.940698     328.392102     34.653168     48.500000     337514.000000     7613.589221     269.472317          c
2.000000     14564.464644     373.534377     40.536373     0.000000     290730.000000     7238.966640     252.034985          c
2.000000     17324.369518     339.649528     27.743498     2.000000     303752.000000     5887.602516     164.012277          c
3.414214     1339.775813     56.902359     23.529825     4.000000     4585.500000     149.215583     34.207244          c
2.000000     9811.150269     200.552754     26.928547     2.000000     423697.000000     8264.505579     230.602755          c
21.899495     9031.454749     208.737221     34.459236     14.500000     422141.000000     9228.970685     265.120698          c
2.000000     9001.167514     161.730059     22.415460     0.000000     371820.500000     6475.495200     148.136501          c
10.828427     8311.114570     142.818231     21.870646     5.000000     410939.500000     6927.320131     145.731239          c
2.828427     7326.198706     126.419069     22.985374     14.000000     456926.500000     7583.972671     158.805732          c
2.000000     9828.603144     174.731642     24.196342     3.000000     353113.500000     6029.115121     137.683183          c
21.071068     10127.382804     178.833756     25.136228     19.500000     434996.500000     7496.751283     165.136067          c
4.000000     11115.391151     210.528683     26.059665     24.000000     291058.500000     5163.641144     133.201664          c
9.414214     17509.881270     337.260459     30.355279     5.500000     323603.500000     6124.702039     168.042321          c
6.000000     2524.975947     92.870105     31.080673     978.000000     54425.500000     1519.894694     107.867782          c
2.000000     1363.432667     62.049278     25.601207     1.000000     5013.500000     177.195566     40.730939          c
0.000000     1831.848970     85.204270     27.596764     0.000000     54406.500000     1353.208244     90.116775          c
5.414214     1116.839742     58.985531     27.166591     52.500000     3754.500000     179.916163     47.322092          c
13.656854     1139.467158     48.100077     24.253064     7.000000     3737.500000     157.424991     39.916899          c
0.000000     257.764499     26.702642     23.021296     0.000000     838.000000     63.996655     33.014107          c
17.071068     3884.231990     98.829821     25.329059     4.500000     25340.000000     637.443449     56.129355          c
2.000000     827.460019     55.618394     26.149696     0.000000     3186.500000     153.026884     43.719493          c
2.000000     845.945301     44.683744     22.150834     1.500000     1964.500000     113.722028     30.994740          c
2.000000     5813.027134     204.282057     34.611746     3.500000     32873.500000     1048.744646     99.541187          c
3.414214     4999.366106     139.014427     29.743850     0.500000     30874.500000     695.454335     64.761737          c
4.828427     6828.629289     142.276599     25.271234     0.500000     39258.500000     757.822199     54.153199          c
6.828427     864.648836     41.364499     20.442973     2.000000     3596.500000     116.429274     29.338599          c
2.000000     2807.777023     100.696070     24.100648     16.000000     13696.000000     425.187920     45.509342          c
2.000000     2533.870388     85.201409     22.611485     4.000000     8072.000000     232.259236     34.773143          c
6.828427     2538.799320     68.965797     21.925540     2.000000     8081.500000     202.521339     32.691123          c
4.000000     1204.538226     64.896732     24.162969     1.500000     4847.000000     252.645564     45.443280          c
4.000000     1114.253955     77.926333     29.186967     8.500000     4847.000000     246.278945     56.775746          c
19.656854     814.447826     51.000931     23.291923     23.000000     3734.500000     184.940985     42.618829          c
4.000000     1144.839741     63.413285     24.695536     5.000000     3484.500000     169.785435     38.902952          c
0.000000     2036.944422     72.407633     25.894206     0.000000     5631.000000     200.747616     41.854748          c
3.414214     1072.957493     61.778071     24.334590     0.500000     3083.000000     172.306719     35.634601          c
2.828427     1458.503736     67.883014     25.122666     0.500000     5262.000000     207.089284     39.605783          c
10.242641     1151.810304     43.179659     20.785882     1.500000     3102.500000     110.950371     30.593312          c
2.000000     1484.444860     68.548595     24.604054     0.500000     5950.000000     207.964514     37.382166          c
4.000000     2198.868301     81.503694     26.708814     2.000000     5948.500000     244.457387     43.132994          c
66.426406     1657.280428     50.720530     21.562766     48.000000     3737.500000     121.359649     28.174293          c
25.313708     3318.377090     75.639380     20.685131     14.000000     19765.500000     368.081220     33.154794          c
2.000000     3766.107099     99.477896     22.160844     6.000000     21851.500000     445.018348     38.859121          c
3.414214     4717.265601     111.062239     22.305321     0.500000     32425.000000     602.926097     43.297705          c
7.414214     3752.668501     95.212323     22.730130     2.500000     25530.000000     506.712537     46.428627          c
5.414214     2582.840952     82.817571     24.085154     1.500000     13702.000000     347.793265     46.190912          c
8.828427     1826.008349     71.123671     24.289328     2.000000     9938.000000     276.141816     43.235935          c
28.727922     1989.932229     79.011515     24.549767     11.500000     11601.500000     311.648041     45.572397          c
2.000000     1151.467158     45.000018     20.070020     1.000000     3103.500000     113.357068     28.861136          c
2.828427     3694.266479     102.822417     23.016915     0.500000     15045.000000     398.737346     45.578869          c
2.000000     4202.464525     102.200031     23.935527     1.000000     16840.500000     379.571818     44.544264          c
3.414214     4225.878738     91.404761     22.904444     19.500000     16789.000000     339.421281     37.151800          c
2.000000     4054.783285     87.350362     22.957894     0.000000     16470.500000     328.793729     38.440111          c
3.414214     1127.526034     61.253248     23.112619     0.500000     4560.000000     192.702852     38.285121          c
12.828427     925.016367     55.391002     22.603389     4.000000     3374.500000     161.061587     36.048337          c
2.000000     687.168608     36.401950     24.425786     3.000000     2279.000000     96.689747     35.812449          c
2.000000     1925.547452     66.563434     25.617525     8.000000     7386.000000     243.637542     43.680058          c
2.000000     718.967597     44.129682     24.535684     2.000000     2514.500000     127.554238     38.754878          c
2.828427     2916.321181     127.124117     32.312285     22.500000     22896.000000     597.169086     74.364222          c
2.000000     860.832602     36.426269     18.549963     0.000000     1838.000000     84.096585     24.486219          c
9.656854     2081.044927     78.225847     32.283019     1.000000     7948.000000     226.881971     55.689350          c
2.000000     2418.851056     96.798245     36.332781     9.500000     9944.000000     287.130552     66.734334          c
2.000000     2495.017575     128.082418     36.759114     1.000000     12678.500000     452.219602     76.092987          c
3.414214     2481.662238     81.694981     33.429080     0.500000     7942.500000     229.713256     56.757515          c
2.000000     1920.133239     82.195326     26.559197     1.500000     7384.500000     297.918981     49.021335          c
9.414214     802.423441     50.834607     27.919272     3.500000     1404.500000     90.303520     36.517787          c
2.000000     712.440686     42.255487     23.086235     5.500000     1191.000000     65.229319     24.645671          c
3.414214     659.612259     44.659123     24.511311     3.000000     1075.500000     67.179612     26.154007          c
2.000000     1103.057997     72.819912     30.506532     13.000000     2328.000000     139.129917     41.249003          c
2.000000     1217.383898     74.987891     30.495108     0.000000     2131.500000     125.828982     38.711932          c
2.000000     833.435633     40.620472     21.375061     0.000000     2266.000000     90.006645     28.795085          c
222.166521     1214.798111     76.876274     31.639206     436.000000     2133.000000     127.134093     38.727014          c
2.000000     1258.780867     79.429782     30.065138     0.500000     5753.500000     182.524138     37.970041          c
2.000000     1836.694641     64.517428     23.229220     0.000000     6239.000000     198.995292     28.876203          c
6.000000     945.033612     58.139945     27.426054     6.000000     1882.000000     98.929572     31.955893          c
15.899495     1836.694641     64.488164     25.769399     9.000000     6246.000000     167.495721     31.004376          c
0.000000     1790.368740     76.852193     26.186375     0.000000     5815.500000     202.966877     34.515191          c
2.000000     896.447825     50.869161     25.841139     0.500000     3211.500000     127.347105     38.192684          c
4.000000     1878.836777     76.623738     29.821865     0.000000     8805.000000     263.826874     52.861581          c
2.000000     1555.131152     81.967062     30.783082     2.500000     6746.000000     280.488871     57.499537          c
0.000000     2819.142465     108.266718     31.924723     0.000000     13261.500000     401.331102     64.002750          c
2.000000     1483.332162     92.220814     34.981395     194.500000     6447.000000     335.393485     76.618039          d
6.000000     2047.831723     104.031542     33.892698     2.000000     7909.500000     401.409259     80.034988          d
5.656854     6061.805582     139.797277     31.045759     2.000000     459796.000000     9757.263323     266.850000          d
25.656854     2047.003296     95.963137     30.888536     14.000000     7210.500000     339.209685     65.181146          d
5.414214     2038.174869     84.798424     31.406158     1.500000     5781.000000     276.970959     64.751916          d
3.414214     2048.417510     83.122856     30.812977     1.500000     5774.500000     271.142815     62.792341          d
2.000000     1662.579857     78.388150     31.885289     75.500000     12353.500000     401.450176     71.482851          d
2.000000     2039.831723     112.240305     35.025162     4.000000     8981.000000     440.685726     84.843093          d
4.000000     360.333041     25.931440     18.759883     3.000000     771.500000     55.213667     25.676494          d
2.000000     319.220343     26.052645     17.765690     1.000000     766.000000     55.931204     25.048145          d
2.000000     172.894442     24.235718     19.945927     57.500000     374.500000     50.018362     27.695214          d
9.071068     319.220343     25.046900     17.586338     4.500000     644.000000     54.474147     25.708716          d
38.727922     2345.253077     120.462500     35.737036     41.500000     11932.000000     474.391817     86.616781          d
5.414214     318.634557     24.686569     16.877807     0.500000     645.500000     50.729896     22.345897          d
2.000000     258.149275     22.442989     15.956567     2.000000     518.500000     42.185023     20.422807          d
8.242641     258.149275     23.274857     15.935816     3.500000     518.500000     45.160847     20.456734          d
16.828427     463.629504     26.144575     16.196784     19.000000     1279.500000     58.437308     21.404882          d
2.000000     459.629504     26.012453     16.262831     1.000000     1285.500000     59.801472     21.852167          d
4.000000     244.450791     23.721060     15.717521     1.000000     554.000000     49.412137     20.949222          d
8.828427     243.279218     25.519054     17.723894     1.000000     652.000000     58.413214     27.486311          d
2.828427     259.563489     24.988717     16.748119     5.000000     525.000000     52.767504     23.390276          d
3.414214     780.021419     47.530379     26.654756     6.000000     2724.500000     120.646181     43.665164          d
2.000000     681.009227     41.637269     25.315885     3.500000     1815.500000     92.066843     38.032086          d
6.242641     1574.060084     85.772177     31.291308     60.500000     7214.500000     333.536497     64.263415          d
2.000000     1255.266147     67.440689     29.755642     14.500000     4229.500000     194.457862     55.440966          d
3.414214     1284.621486     77.321747     31.023828     0.500000     4391.500000     226.771274     60.177782          d
16.242641     1393.432668     67.264352     29.349712     11.500000     4150.500000     183.943896     52.287615          d
2.000000     803.376757     54.569006     27.583624     1.500000     2182.000000     136.748793     46.202958          d
116.911687     1389.290532     62.344951     26.103551     272.000000     4145.500000     165.456743     41.970515          d
2.000000     1518.344355     62.259117     25.322184     1.500000     4293.500000     163.564320     39.760716          d
9.071068     1239.952439     73.875019     28.383474     2.500000     4388.500000     217.891122     52.806419          d
2.000000     1090.957492     52.716638     26.528878     2.000000     3721.500000     135.314461     43.707919          d
2.000000     1090.028559     47.954698     25.484272     106.000000     3728.000000     117.514247     39.328478          d
2.000000     679.352373     42.478814     25.012313     2.000000     1541.000000     89.867192     36.648507          d
54.627416     1574.060084     81.665952     30.720002     47.000000     7214.500000     303.246633     60.758867          d
2.000000     427.244728     39.813445     24.270033     270.000000     1018.000000     79.544800     33.719000          d
15.656854     427.244727     38.899306     24.036332     7.000000     1017.000000     77.861675     33.087071          d
2.000000     426.658941     38.090931     23.866507     4.500000     1022.500000     76.921359     32.699566          d
2.000000     350.433546     33.938906     22.393170     1.000000     770.000000     65.814994     28.905572          d
4.000000     331.019333     30.497181     20.231253     9.500000     771.000000     58.380673     24.231805          d
2.000000     330.776692     29.420904     19.201523     0.500000     771.500000     54.860267     22.049921          d
2.000000     387.504613     32.560702     20.478730     0.500000     771.000000     62.448566     24.849904          d
2.000000     1518.344355     62.147988     25.350453     1.500000     4293.500000     163.783705     40.041947          d
2.000000     1512.930142     59.417421     24.197556     49.000000     4297.000000     159.011948     37.069415          d
4.000000     1518.586997     62.129878     25.655951     124.500000     4298.000000     168.804161     41.231030          d
0.000000     1570.888512     75.742452     30.053119     0.000000     7213.500000     297.521984     60.068449          d
17.899495     1098.212325     66.555680     27.285566     7.500000     3080.000000     184.622537     47.493985          d
64.526911     1011.158503     53.685168     25.296192     67.500000     2924.000000     144.034774     39.819870          d
2.000000     349.161468     37.630838     23.943766     0.000000     801.000000     75.970578     32.968275          d
9.414214     1078.129065     46.166811     24.855184     2.000000     3620.500000     112.973676     36.883333          d
8.828427     1468.202219     81.321443     29.339330     1.000000     4403.500000     242.656339     55.800000          d
18.242641     1472.746377     82.901435     30.058108     13.500000     4401.000000     246.539490     58.342352          d
2.000000     15653.363255     311.176471     29.424397     163.000000     345608.500000     6804.385781     178.975969          d
7.414214     12664.348643     239.317678     26.856086     2.500000     403520.000000     7496.003582     181.559351          d
2.000000     10311.840734     197.685968     26.056533     22.500000     414612.000000     7755.715657     188.780966          d
2.000000     13539.129510     270.111757     27.167305     1.000000     403319.500000     7562.449311     190.757093          d
3.414214     2022.174870     108.665869     35.663908     0.500000     8981.000000     413.495883     81.789546          d
14.828427     8644.736935     187.465979     26.079078     9.000000     424473.500000     7802.165617     197.086445          d
18.000000     12428.694757     232.500800     26.795391     417893.500000     417893.500000     7666.585519     183.014137          d
43.798989     13494.747704     257.941822     28.256099     31.000000     400212.500000     7511.447925     188.029060          d
2.000000     13040.907084     260.174817     29.580069     41.500000     321849.000000     6140.504147     171.125045          d
93.497474     13455.049217     264.204737     28.484299     206.500000     408689.000000     7665.153977     197.937303          d
2.000000     16724.070970     325.998846     30.265723     0.000000     381796.000000     7247.673834     189.151330          d
4.828427     12212.140496     242.677207     28.870650     420069.500000     420069.500000     7809.914024     205.178019          d
13415.382256     13415.382256     255.837397     28.688016     350962.000000     350962.000000     6493.032458     171.280246          d
53.213203     12202.383137     261.975556     31.254426     65.500000     213954.000000     4232.956801     147.503076          d
2.000000     12233.197284     234.068950     27.180615     424219.000000     424219.000000     7777.922798     189.899832          d
12.828427     2087.388072     111.634067     35.691886     6.000000     8262.000000     428.436391     86.262658          d
3.414214     12529.932343     233.830874     26.064164     0.500000     423985.000000     7801.822806     184.800203          d
3.414214     11321.592165     227.011134     28.010391     0.500000     314225.500000     5924.847704     163.005839          d
8.828427     11895.488696     238.086017     28.512599     5.000000     300900.500000     5716.674829     162.032878          d
0.000000     13116.997483     282.149095     31.588677     0.000000     205952.500000     4136.078462     145.902888          d
2.000000     20756.173887     447.268073     38.366545     894.000000     337513.500000     7170.692419     212.826567          d
5.656854     16281.927623     360.459179     37.716674     41.500000     358376.500000     7722.545100     233.135774          d
2.000000     11535.580847     254.665959     34.332170     8.000000     433486.000000     9114.911568     252.511052          d
2.000000     8329.879946     185.834247     32.458763     1.500000     449180.500000     9186.512179     248.490590          d
12.828427     7915.890053     186.179811     34.521221     3.000000     452459.500000     9499.512320     270.096476          d
2.000000     8550.438385     201.078499     35.402756     98.500000     444233.500000     9412.697902     273.007402          d
4.000000     2047.003296     112.610343     33.152374     0.000000     8671.500000     447.227537     78.888221          d
5.656854     10541.902576     242.856676     36.824140     2.000000     432120.500000     9281.980078     273.657215          d
2.000000     20001.916966     435.653048     36.888637     0.000000     340072.000000     7327.438485     213.855916          d
2.000000     10525.147301     232.540013     33.327370     2.500000     379793.500000     7880.494928     229.425687          d
9323.212111     9323.212111     198.141531     30.506516     446903.500000     446903.500000     9091.356607     237.393626          d
2.000000     9383.471993     199.039048     30.099106     5.500000     445415.500000     9087.684784     238.955870          d
77.112698     8883.891257     192.111890     29.934936     76.000000     441368.000000     9145.132048     243.752254          d
6.000000     10891.698597     231.267799     31.841439     3.000000     426737.000000     8617.714517     232.375306          d
20.485281     9442.349189     196.233407     30.377565     12.000000     436002.500000     8697.305626     227.506765          d
3.414214     7229.314370     151.910871     28.755418     0.500000     456632.000000     9031.308123     230.071009          d
6277.646202     6277.646202     138.279414     28.870787     459208.500000     459208.500000     9370.334650     241.964182          d
2508.098749     2508.098749     97.622928     32.918470     19930.500000     19930.500000     607.832667     80.923778          d
2.000000     6837.324475     149.976482     30.136751     2.000000     458205.000000     9383.312394     247.953859          d
2.000000     6125.871598     139.431638     30.359913     459435.500000     459435.500000     9601.870837     259.091088          d
112.083261     11283.595129     229.537150     31.039258     517.000000     414207.000000     8242.361845     217.150099          d
6.000000     11316.558549     228.154859     30.413684     425183.500000     425183.500000     8399.381179     217.619243          d
0.000000     7922.181463     163.394374     29.366042     0.000000     451679.000000     8980.327642     231.649862          d
10.000000     8511.197829     175.192954     30.149174     3.500000     438579.500000     8692.758051     226.621218          d
7.414214     7748.985504     160.640803     29.290847     0.500000     452305.000000     9031.996546     232.448345          d
2.000000     6617.819863     140.718613     28.898824     14.000000     458426.000000     9379.047462     243.391541          d
2.000000     5753.011646     130.201635     29.707347     463191.000000     463191.000000     9604.664007     253.386022          d
5.656854     6676.187395     149.904620     30.908957     2.000000     460385.000000     9644.628409     259.710931          d

68.000000     9145.132048     243.752254          d
85    6.000000     10891.698597     231.267799     31.841439     3.000000     426737.000000     8617.714517     232.375306          d
86    20.485281     9442.349189     196.233407     30.377565     12.000000     436002.500000     8697.305626     227.506765          d
87    3.414214     7229.314370     151.910871     28.755418     0.500000     456632.000000     9031.308123     230.071009          d
88    6277.646202     6277.646202     138.279414     28.870787     459208.500000     459208.500000     9370.334650     241.964182          d
89    2508.098749     2508.098749     97.622928     32.918470     19930.500000     19930.500000     607.832667     80.923778          d
90    2.000000     6837.324475     149.976482     30.136751     2.000000     458205.000000     9383.312394     247.953859          d
91    2.000000     6125.871598     139.431638     30.359913     459435.500000     459435.500000     9601.870837     259.091088          d
92    112.083261     11283.595129     229.537150     31.039258     517.000000     414207.000000     8242.361845     217.150099          d
93    6.000000     11316.558549     228.154859     30.413684     425183.500000     425183.500000     8399.381179     217.619243          d
94    0.000000     7922.181463     163.394374     29.366042     0.000000     451679.000000     8980.327642     231.649862          d
95    10.000000     8511.197829     175.192954     30.149174     3.500000     438579.500000     8692.758051     226.621218          d
96    7.414214     7748.985504     160.640803     29.290847     0.500000     452305.000000     9031.996546     232.448345          d
97    2.000000     6617.819863     140.718613     28.898824     14.000000     458426.000000     9379.047462     243.391541          d
98    2.000000     5753.011646     130.201635     29.707347     463191.000000     463191.000000     9604.664007     253.386022          d
99    5.656854     6676.187395     149.904620     30.908957     2.000000     460385.000000     9644.628409     259.710931          d

