id/name    minimPerim   maximPerim   deviatiePerim    mediePerim   minimArie   maximArie   deviatieArie    medieArie  tip 
2.000000     5991.763951     172.465990     37.962015     22.500000     456428.500000     12757.427424     440.835027          a
5.656854     7290.295034     215.403995     38.796176     1.000000     452944.000000     13163.692499     467.355030          a
12.242641     6293.964961     191.324108     38.615125     3.500000     456115.500000     13463.742448     489.081081          a
2.000000     5049.326232     137.224552     33.646560     1.000000     464685.000000     12232.445450     390.335645          a
2.000000     5440.914104     156.591449     35.035292     1.500000     457382.000000     12711.319416     427.891422          a
2.000000     4702.632799     136.047032     33.541566     2.000000     466623.500000     12963.661513     433.447876          a
5.656854     6539.126430     193.380481     38.201519     2.000000     448945.500000     12903.208875     457.718595          a
3.414214     5939.354791     172.390469     36.593961     0.500000     456398.000000     12706.538707     437.946899          a
5.414214     5993.923331     175.733256     36.299397     1.500000     457705.000000     12984.657879     447.492754          a
5.656854     4838.917070     128.856462     30.948617     2.000000     462819.500000     11950.116684     367.519680          a
4.000000     11499.938272     339.475985     47.552219     2.500000     414398.000000     11737.977096     446.337870          a
5.656854     5260.664326     151.954463     34.888770     2.000000     460610.000000     12796.748652     430.793436          a
5.414214     4756.792180     135.443978     33.132456     1.500000     464797.000000     12661.735906     415.076095          a
25.313708     5175.576011     140.771953     32.265128     23.000000     457090.000000     12054.552309     378.613431          a
5.656854     6804.991433     333.753052     53.404626     2.000000     432179.000000     20730.252508     1148.639401          a
5.656854     5308.948595     272.216991     52.528418     2.000000     448371.000000     21914.406592     1241.259569          a
5.656854     5644.051189     268.026482     48.315809     2.000000     433037.000000     20039.099288     1051.651288          a
2.000000     2022.417510     104.714717     29.049648     50.500000     8611.500000     423.620051     70.657151          a
2.000000     2087.672343     91.990067     27.070379     0.500000     8605.500000     352.239356     60.963707          a
2.000000     1769.238797     86.777975     27.626163     0.500000     7268.000000     324.590948     60.684821          a
4.000000     2093.086557     111.868253     28.403961     0.000000     14103.500000     549.498227     76.544557          a
4.000000     12863.280541     357.066724     44.029239     405072.000000     405072.000000     11054.797207     386.323770          a
2.000000     2083.672343     95.910898     27.237791     69.000000     8590.500000     388.572845     62.682034          a
10.828427     1758.510875     93.165810     27.895287     4.000000     7267.500000     369.967072     62.858272          a
19.656854     2108.986051     117.223993     28.497676     20.000000     14092.500000     583.619916     79.695694          a
17.656854     1562.912897     99.688758     27.948047     16.000000     6948.500000     430.789552     70.531926          a
4.000000     1562.327111     92.663767     27.943185     4.500000     6942.000000     370.615002     64.471119          a
2.000000     2304.265270     107.850650     29.113466     11.500000     11977.500000     465.768412     73.758911          a
0.000000     1241.567664     87.148028     27.763792     0.000000     5394.000000     331.955580     63.516365          a
2.000000     1133.928055     82.728395     27.469773     1.000000     4784.000000     301.025448     59.669954          a
2.000000     3499.732427     116.347124     29.631642     7.000000     15029.000000     477.183358     72.373519          a
2.000000     1242.981877     78.357684     27.959874     0.000000     5394.500000     280.608679     60.618388          a
40.970562     8125.068766     245.706743     39.981276     74.000000     412108.000000     11468.918235     423.366333          a
2.000000     1101.342267     72.905956     27.627967     1477.000000     4540.500000     249.168930     56.634002          a
3.414214     17435.004074     462.260743     43.694638     0.000000     321300.500000     8146.536556     309.970719          a
3.414214     15717.792627     460.088098     45.794592     0.500000     235111.000000     6553.724969     310.959589          a
3.414214     13937.531533     448.867678     47.150274     0.500000     200838.500000     5909.351100     308.845912          a
484.634556     15886.794716     522.892642     49.741956     1314.500000     152793.500000     4864.028547     292.450813          a
6.000000     21286.511108     611.494620     49.378489     2.000000     236730.500000     6769.828011     317.276941          a
2.000000     14102.055476     419.320744     45.661786     224230.500000     224230.500000     6052.531672     290.750999          a
6.000000     14592.759017     476.221174     49.143261     26.500000     198871.000000     5952.160239     313.249391          a
2.000000     11440.396206     387.330383     46.288845     4.500000     222654.500000     6414.914113     330.729916          a
3.414214     13860.370066     435.678283     47.425574     0.500000     200645.500000     6004.014771     328.273875          a
10.242641     9427.080080     249.402746     37.857316     4.500000     412984.500000     10753.416198     353.727612          a
3.414214     915.560524     66.512709     29.406121     0.500000     3143.000000     239.791664     63.171200          a
12.242641     1839.665202     93.385416     28.736942     3.500000     9311.500000     420.930115     68.370836          a
2.000000     1867.606328     106.549061     30.318053     15.500000     14650.000000     625.625443     85.613772          a
2.000000     1871.020541     119.856936     30.877467     1.000000     23351.500000     890.130577     104.437424          a
4.000000     1080.513840     80.393482     30.050481     5.500000     6289.000000     366.029977     76.704724          a
2.000000     1842.493630     105.440195     31.429155     2.000000     8773.500000     501.477171     86.490728          a
273.379723     1876.091609     105.645677     30.586186     1247.500000     15140.000000     644.355694     92.118912          a
2.000000     1836.250990     119.708826     33.467429     1.000000     23346.000000     931.296764     114.707309          a
2.000000     11034.386101     261.979135     32.754483     182.500000     88843.500000     2040.468256     101.755983          a
2.000000     23728.815037     646.753295     47.521773     1.000000     216136.000000     5839.168947     244.371201          a
10834.093480     10834.093480     300.722934     42.825930     421306.500000     421306.500000     11369.583365     397.539694          a
2.000000     5327.816898     176.402110     28.884984     6.000000     23297.500000     798.488459     69.865055          a
7.656854     5098.697059     167.329577     29.579008     1.000000     48676.000000     1322.894194     94.205659          a
2.000000     6383.963206     216.190053     29.990116     5.000000     32937.500000     1019.169141     77.810642          a
37.798990     8225.617093     225.345877     39.833838     54.000000     402359.000000     10499.157137     364.268210          a
12.000000     12798.736384     355.735221     44.493336     6.500000     412150.000000     11300.248367     401.290602          a
3.414214     5405.742530     140.780853     32.024122     0.500000     461313.000000     11537.150279     357.166458          a
4.000000     10927.286476     333.309180     45.876946     2.000000     342560.000000     9826.202303     403.736928          a
2.000000     7204.946840     419.090265     58.981898     5.000000     465617.000000     26340.279385     1676.405751          b
3.414214     5469.056240     234.392574     36.425625     0.500000     459186.000000     19420.030321     876.695341          b
3.414214     7370.368194     404.876966     54.500809     0.500000     430022.000000     23387.277723     1352.295252          b
2.000000     4360.137413     279.655288     45.410897     97959.500000     327582.500000     16872.525180     1099.294621          b
5.656854     5904.546575     297.868936     46.912558     2.000000     453863.000000     22718.824686     1211.517588          b
2.000000     4353.409492     228.305334     37.545379     2.000000     356388.000000     15539.071927     838.420475          b
9.071068     5722.380055     296.806822     47.000731     5.500000     446331.000000     22984.367702     1258.429521          b
2.000000     4865.311951     217.572026     36.653513     458378.000000     458378.000000     20197.022148     948.479572          b
5140.698814     5140.698814     224.050743     35.964650     447393.000000     447393.000000     19257.392386     898.467532          b
5.656854     4644.515047     215.110899     37.349393     2.000000     424983.500000     19027.992866     957.150000          b
4.000000     6396.243302     161.863361     18.645473     2.500000     260386.500000     6160.679927     194.342820          b
7.656854     8448.046468     426.146174     48.573007     4.000000     427088.500000     21487.299032     1147.408629          b
52.970562     10487.296579     229.541967     17.973273     143.000000     369436.000000     7965.296986     204.150852          b
0.000000     8932.452664     222.323830     23.446183     0.000000     428210.500000     10239.608768     289.915525          b
8009.516588     8009.516588     197.904118     24.357644     383117.500000     383117.500000     8967.541400     275.339102          b
9.414214     12008.386100     267.798381     25.319415     2.500000     396759.500000     8660.510096     228.217246          b
4.000000     9898.064923     196.374869     16.801287     21.500000     427308.500000     8298.836848     178.406828          b
4.000000     8353.980453     180.516870     17.258365     1.000000     420942.000000     8653.896541     200.626531          b
2.000000     4786.786251     146.313703     17.730882     2.000000     273060.000000     6504.157255     203.129525          b
2.000000     7740.122590     177.383794     18.348366     2.000000     433979.000000     9487.384509     233.625896          b
10392.495505     10392.495505     207.258872     17.092175     420020.500000     420020.500000     8215.037297     179.133703          b
2.000000     12275.234737     262.058336     26.339518     11.500000     382185.500000     8080.609349     206.713232          b
10.485281     4575.818650     257.199577     45.033610     2.000000     353654.500000     17460.876702     1080.669393          b
0.000000     5634.013733     143.893656     24.041232     0.000000     293017.500000     6166.512765     195.560568          b
2.000000     6309.047344     144.955147     22.540056     63669.500000     306559.500000     6234.923189     181.591574          b
21.414214     4036.120168     121.240741     21.771703     2.500000     181551.000000     4507.485724     166.982043          b
4.828427     3830.622694     122.582655     23.933863     90381.500000     176155.500000     4540.483306     181.590709          b
2.000000     9416.359298     189.164838     24.074645     11.500000     417751.500000     8220.582752     195.896398          b
5.656854     9063.783617     182.360366     24.129934     2.000000     416998.000000     8187.349291     197.537394          b
4.828427     9523.628410     186.107306     21.599458     1.000000     373887.500000     7246.893328     169.318933          b
5.414214     7857.661691     156.676471     21.319615     0.500000     384580.000000     7407.915675     175.362356          b
2.000000     5589.327440     122.972968     20.427298     0.000000     241324.500000     5053.595751     154.152416          b
5.656854     5811.518345     116.945995     21.044475     2.000000     300387.500000     5756.253205     159.070120          b
4.000000     3943.311948     193.452046     40.227388     1.000000     409968.000000     18254.058264     946.391304          b
5.656854     8750.764284     167.096566     22.888255     2.000000     408177.000000     7572.682681     172.547504          b
5.656854     10775.601058     202.192828     22.818228     2.000000     395486.000000     7317.922436     163.498973          b
13.656854     7117.882912     138.081797     22.107437     7.000000     446234.000000     8122.738367     184.453342          b
9383.087221     9383.087221     181.151689     23.286306     417419.000000     417419.000000     7807.863949     179.006823          b
6.000000     9699.219251     188.264285     24.707669     2.000000     425206.000000     7988.733167     187.472644          b
5.414214     10303.576678     206.283446     24.014846     0.500000     408047.000000     8020.492061     191.116692          b
5.656854     8748.112483     179.883859     31.002288     2.000000     418767.000000     8244.787541     215.371899          b
2.000000     8653.350070     167.702718     23.853974     2.000000     426522.500000     7958.668158     184.283600          b
55.455844     6961.363141     131.075538     20.470434     43.000000     393610.000000     7077.479572     160.139768          b
2.000000     5404.859405     107.614188     20.442717     1.000000     373867.000000     6699.676195     163.175612          b
4.000000     3605.834688     158.091989     36.685732     1.000000     452840.500000     19256.139834     895.141304          b
9.414214     9535.135990     183.647923     21.880207     5.500000     408789.000000     7803.965044     176.263945          b
4.000000     4811.153780     116.529990     21.899713     2.000000     222251.000000     4848.595677     166.378457          b
6452.967051     6452.967051     126.322350     24.400667     446840.000000     446840.000000     7990.652718     182.836581          b
2.000000     21244.314267     622.033680     49.692592     7.000000     130105.500000     3675.958274     174.407895          b
2.000000     17570.591949     509.197463     46.358242     131428.500000     131428.500000     3332.309527     170.054054          b
14942.569318     14942.569318     369.985565     40.310746     117374.500000     117374.500000     2761.685077     153.255513          b
2.828427     11111.841943     297.283022     34.064150     1.500000     80053.500000     2107.294441     123.198553          b
5.414214     22491.323497     560.919183     51.359219     1.500000     186991.500000     4334.460650     186.669267          b
2.000000     13125.039112     347.381215     42.366513     5.500000     122679.000000     2799.953326     155.003817          b
28.485281     6654.940908     277.105799     37.290585     30.000000     55473.000000     1903.607688     136.836247          b
5.656854     5667.139500     250.699846     41.292957     2.000000     446774.000000     19478.495686     918.076190          b
8.000000     11325.665318     291.114564     33.963778     13.500000     79511.500000     1966.304266     118.101254          b
2.828427     9163.265053     280.425065     34.046220     196.000000     70284.000000     2245.688284     131.304082          b
19.656854     27542.949489     603.536808     43.521422     11.000000     243248.000000     5277.113081     178.060272          b
5.414214     18277.819433     395.444284     36.071359     1.500000     230587.000000     4858.470961     169.322665          b
16947.579755     16947.579755     356.210565     32.225463     190209.000000     190209.000000     3957.118504     150.557390          b
2.000000     6210.323599     219.699205     32.247796     50.500000     101690.000000     2671.326090     144.262947          b
208.994947     5054.863579     186.214401     31.692895     509.000000     84056.000000     2032.765201     117.814020          b
2456.182010     4968.596553     194.730193     31.530666     25121.500000     65504.000000     1760.513856     110.304176          b
3834.921247     3921.982210     194.610758     32.893742     40524.500000     40524.500000     1428.508843     113.858888          b
30.485281     9081.899613     275.103429     35.091770     52.000000     63650.000000     1843.812949     123.966405          b
5.656854     6747.278670     339.569296     50.095510     2.000000     441257.500000     21978.033378     1174.991294          b
2.000000     9028.828539     261.473641     37.244772     2.000000     43088.500000     1422.380183     119.365347          b
436.333041     9105.656973     304.816103     35.904272     1407.000000     89823.000000     2453.296842     138.795518          b
2.000000     8712.186848     316.866283     40.350570     5.000000     60667.500000     2238.624417     148.741205          b
5.656854     14046.579426     347.897705     39.830660     0.500000     62675.500000     1962.980263     132.405503          b
7.414214     8943.130055     306.888162     37.110182     1.500000     58790.000000     1766.613910     121.737899          b
2295.370827     17131.180703     402.013970     41.628836     8793.000000     158886.500000     3515.667802     160.484390          b
42.142135     9292.946291     337.755336     60.320928     57.000000     80388.500000     2462.259531     210.741101          b
3.414214     17513.694541     465.145445     49.814985     0.500000     110735.500000     2852.903085     171.652914          b
16.828427     26315.614359     629.679961     44.549391     4.000000     207287.500000     4921.166023     181.318718          b
4.000000     10930.694756     418.920935     49.871429     14.500000     117831.000000     3188.174205     193.474465          b
2.000000     6067.683657     324.767485     50.093403     1.500000     444727.000000     23667.281150     1338.376420          b
4.000000     14230.624017     369.297007     44.445897     1.000000     128372.500000     3519.890549     196.270822          b
4.000000     12546.262418     346.835891     41.826433     1.000000     126776.500000     3865.522423     196.311528          b
4.000000     11679.488694     299.092936     37.188738     1.500000     112782.500000     3685.212775     201.934492          b
7.414214     14493.067669     323.731988     36.240302     0.500000     326393.000000     7096.903636     221.681925          b
21.414214     19173.444760     427.496801     33.417719     0.500000     364252.500000     8052.374106     227.849047          b
2.000000     19033.126000     457.321206     36.641097     48.000000     339238.500000     8016.549068     248.238427          b
2.000000     11248.136319     337.570487     33.386447     443.500000     140497.500000     3571.357409     157.101212          b
2.000000     16685.904446     415.465349     37.983232     0.000000     329965.000000     8021.700680     269.480871          b
91.597979     9475.265054     299.967625     40.496393     158.000000     177709.500000     4410.114176     207.356010          b
2.000000     16628.985621     374.387533     32.947904     1375.500000     342504.500000     7599.495401     229.178203          b
5.656854     4899.211446     229.041830     39.110058     2.000000     456786.500000     21023.503372     1032.115711          b
52.142135     11586.829748     282.303215     32.825832     95.000000     258561.000000     5802.871119     212.261342          b
4.000000     8569.770545     249.562471     39.119998     9.500000     89692.500000     3076.608115     197.621990          b
15.414214     17031.183666     384.336064     32.807969     0.500000     322162.000000     7162.095452     217.910054          b
12.000000     11494.344467     280.626062     33.094102     9.000000     249598.000000     5633.667175     209.714660          b
14.828427     20110.769782     491.135793     38.578856     4.000000     360248.000000     8706.160124     272.659953          b
5.656854     10764.180912     279.506975     34.166164     2.000000     227108.500000     5316.973117     213.743330          b
18513.621387     18513.621387     453.697262     36.765953     324306.500000     324306.500000     7742.490321     249.603624          b
2.000000     11788.321295     285.116524     28.556716     1.500000     78219.500000     2081.323565     95.917204          c
25.899495     8413.115778     183.349921     30.755697     16.500000     71607.000000     1373.114998     86.639336          c
4.000000     4112.231989     106.065204     26.111899     2.500000     21993.000000     493.519739     52.214309          c
2.000000     9013.799106     177.911866     28.573985     5127.500000     49099.500000     936.813773     66.856710          c
2.000000     17300.991010     271.298607     19.092079     2594.000000     217928.000000     3378.940538     84.985788          c
2.000000     11187.201457     205.210403     19.124518     1.000000     145113.500000     2616.021923     81.890576          c
5.414214     4763.366105     140.294603     19.233084     1.500000     72839.500000     1542.531050     71.794712          c
2.000000     13167.494077     211.675942     19.575935     185968.000000     185968.000000     2779.245108     74.955277          c
4.000000     6371.450578     144.714007     20.065101     2.500000     52540.000000     1178.816357     64.759308          c
2.000000     7998.723865     154.508506     20.051579     17.500000     118670.000000     1880.907802     65.348294          c
5.656854     4026.233745     70.706140     14.747603     2.000000     467578.000000     7726.618908     147.061032          c
2.000000     10718.895764     286.664343     31.154016     15.000000     68492.500000     1910.304533     102.535472          c
5.656854     4586.459141     95.715912     14.701543     2.000000     463873.000000     9331.876693     204.706073          c
5.656854     3403.175748     79.588350     15.029414     2.000000     472845.000000     9996.944533     234.176352          c
2.000000     5883.094908     119.018954     16.016414     2.000000     461790.000000     8848.073727     197.016875          c
2.000000     17775.673118     373.524350     35.085373     14.500000     357617.000000     7305.566234     204.492090          c
16.242641     16341.433445     376.978254     39.021691     6.500000     240052.000000     5226.990299     191.775596          c
5.656854     9787.569535     195.402198     24.019218     2.000000     422439.500000     8286.971209     200.051193          c
2.828427     7300.181463     187.408136     30.199581     2.000000     411862.000000     9708.439343     289.792060          c
2.000000     6664.849301     172.290389     26.718101     450115.000000     450115.000000     10912.588935     340.676453          c
5.656854     5265.423771     136.642206     25.181984     2.000000     457137.000000     11581.166737     332.226076          c
842.801077     9275.739018     220.706421     25.857425     10237.500000     406798.000000     9195.249987     253.035951          c
2.000000     7133.901366     202.000643     30.726376     17.500000     52095.000000     1253.028736     91.312211          c
4.828427     4488.684536     112.731044     21.097874     15.000000     466780.000000     10418.181763     287.807351          c
5.656854     3845.131152     92.705207     21.195075     2.000000     465268.000000     10950.951250     286.564579          c
2.000000     6883.154989     145.726444     18.743437     16.500000     396188.500000     8202.450531     196.968977          c
3.414214     5250.092817     105.600734     16.980720     0.500000     426264.500000     8459.432697     185.882191          c
4.828427     3467.040752     69.107470     16.710518     0.500000     473214.500000     9128.771180     194.937826          c
2.828427     8690.411032     169.559662     20.102987     1.500000     394317.000000     7619.861857     170.764288          c
4765.402354     4765.402354     95.268408     18.765159     468416.500000     468416.500000     9119.730736     200.108077          c
9.414214     7977.651585     159.305401     22.347802     2.500000     364778.000000     7124.393654     172.321892          c
5.414214     7609.661692     161.270896     25.516384     0.500000     372032.000000     7711.124828     206.284398          c
11.414214     3672.619728     166.458284     41.868076     4.500000     99102.000000     2850.379820     194.180643          c
2.000000     15879.568440     339.468028     33.057380     24.500000     101751.500000     2110.493363     104.505045          c
6.000000     11718.723315     304.753163     32.595196     58.500000     116816.500000     3586.680677     182.948295          c
2.000000     9913.928169     277.472258     33.607472     3.000000     115612.000000     2886.570840     142.362254          c
8.828427     5088.277793     183.793657     32.116369     3.000000     39066.500000     1270.763416     98.153775          c
2.000000     1575.800199     85.288305     33.977364     3.500000     7834.500000     338.506135     76.365085          c
5.656854     15694.386764     330.378610     29.060952     2.000000     112901.500000     2544.408699     122.935928          c
5.414214     9464.423555     278.085739     30.724675     0.500000     75153.000000     1943.362910     106.975129          c
2.000000     2768.296794     109.923063     30.342939     884.500000     11881.000000     434.372332     66.635989          c
24.485281     13144.408730     269.556452     26.264296     29.000000     217313.500000     4338.433378     137.105528          c
137.396968     11585.498797     212.394083     22.934821     329.000000     332669.500000     5498.474125     135.137342          c
2.000000     16821.197947     249.915603     19.758861     1.000000     324304.000000     4709.575958     95.225847          c
18.242641     5420.569203     128.807513     27.778498     9.500000     30328.000000     669.957990     64.182501          c
2.000000     19407.165871     285.817115     19.617309     1.000000     259769.000000     3743.649176     82.020641          c
2.000000     12953.594579     243.817372     22.414581     40.000000     78131.500000     1586.414249     63.421583          c
6.828427     12959.746827     270.935631     23.418658     1.000000     90308.500000     1712.282940     65.567112          c
10.242641     2933.894774     118.521547     28.295243     4.500000     34088.000000     1018.845752     88.146386          c
4.828427     9730.007254     246.013581     35.652061     1.000000     77290.000000     1888.042093     120.540409          c
8.000000     2805.267357     107.239795     28.368902     33.000000     14543.000000     536.305815     69.687953          c
4.000000     7032.795807     207.635731     29.514597     75.000000     47049.500000     1440.498080     99.740317          c
2.000000     13875.050425     313.201072     30.046459     2.000000     87690.500000     2095.530533     106.184159          c
2.000000     14495.726614     296.901408     30.004491     1.000000     104732.500000     2059.983093     89.415276          c
6.828427     13426.006711     296.929674     31.137533     3.000000     101272.500000     2071.841344     101.395106          c
47.213203     7698.290318     163.301690     26.135089     69.500000     36442.500000     747.876660     60.963358          c
8.242641     11281.648074     275.937677     31.084826     3.500000     78745.000000     1742.379200     96.739467          c
4.000000     15565.377536     359.554189     30.547813     63.500000     108732.500000     2371.213098     104.152437          c
4.000000     5975.235284     145.345994     23.963719     1.000000     68999.000000     1299.634014     73.443218          c
2.000000     6173.284055     126.657467     20.600361     0.500000     68703.000000     1390.882374     67.600704          c
2.000000     6578.036362     134.764606     19.870589     0.000000     136675.500000     2163.729221     73.902079          c
46.384776     8948.450910     163.084722     18.924651     76.500000     166547.500000     2540.653502     73.521778          c
50.384776     21327.492989     313.533283     19.096954     62.500000     371168.000000     5291.846091     102.100949          c
4.000000     14718.451569     246.799664     21.159548     7.000000     276483.500000     4434.357091     109.966005          c
192.367531     18479.019564     329.310429     23.286308     678.000000     251950.000000     4438.814594     112.426339          c
2.000000     16523.815256     283.345697     21.920189     2.000000     277189.000000     4647.687244     111.685662          c
4.000000     3157.240006     96.588838     24.813319     73.000000     14800.500000     429.814421     54.032662          c
2.000000     24381.928958     352.555784     18.851989     1.000000     285685.500000     4097.811198     79.724831          c
1105.803164     17895.556584     285.616956     20.209196     7257.000000     214677.500000     3288.260183     81.891429          c
2.000000     10020.455083     199.723904     21.466994     134.500000     115611.500000     2008.377571     75.928914          c
94.183766     6110.975399     156.090884     21.004441     92.500000     113888.000000     2175.644509     84.207278          c
2.828427     7265.312618     173.723041     20.740803     4.000000     107771.500000     1939.401751     77.821814          c
2.000000     7539.704533     180.483612     20.844369     13.000000     107788.500000     1853.441156     74.523207          c
4.000000     3368.453209     107.256149     30.418906     18.500000     19092.000000     501.122416     65.099618          c
2.000000     6318.281966     158.707829     32.396066     11.500000     101006.500000     2010.719575     101.505769          c
8.828427     4020.869509     127.465665     30.947709     4.000000     27314.000000     801.995444     76.540396          c
11.071068     8948.363471     189.268905     29.562737     5.500000     161605.500000     3230.088214     139.963712          c
7.656854     2417.904880     80.505840     23.915868     16.000000     13035.000000     354.683784     48.207705          c
2.000000     18033.753415     364.688446     40.056433     3.500000     207743.500000     4084.606732     140.200231          c
2.000000     19838.992212     388.785597     38.857615     281.000000     302285.500000     5800.598539     165.543230          c
9.656854     12804.238031     244.539732     32.730614     2.000000     330533.500000     6045.519607     165.121172          c
2.000000     17812.557457     366.437686     40.976610     2.500000     232697.500000     4596.090633     152.418546          c
2.000000     7668.151147     166.919223     30.611314     6.000000     170250.000000     3243.004349     116.965050          c
2.000000     9397.730128     261.169505     42.216025     5.500000     26429.500000     764.705002     82.749374          c
2.000000     4793.944755     181.094129     37.785149     17.000000     18296.500000     552.319017     68.145866          c
2.000000     6803.835351     249.233249     43.804091     28.500000     20406.500000     756.190727     88.021536          c
7.414214     25412.154346     595.908638     49.676110     2.500000     205053.500000     4726.166550     186.467105          c
4.000000     19403.833710     459.743171     46.970444     2.000000     160489.000000     3684.396294     160.106621          c
3.414214     6757.818109     173.231357     30.209647     0.500000     42309.500000     1125.809327     83.059934          c
4.000000     24833.224201     573.000398     47.818745     9879.500000     189768.500000     4311.412718     174.131984          c
2.000000     20908.354690     469.496017     44.700304     0.000000     157638.500000     3389.249283     156.210934          c
2.000000     6632.330737     220.329762     34.948358     1.000000     41212.000000     1166.633180     91.150152          c
2.000000     14346.091178     410.404672     49.544716     7.500000     112889.000000     2730.633110     164.188365          c
0.000000     7226.452663     276.566934     41.811770     0.000000     30365.500000     1196.200820     113.083043          c
27.313708     6721.678936     256.264905     38.141692     33.000000     47255.500000     1489.812277     114.538241          c
2.000000     3333.198375     128.271031     34.969487     0.000000     15807.000000     540.879436     82.779630          c
6.000000     5344.679815     178.893848     35.384500     3.500000     25305.500000     952.941322     101.112594          c
4.000000     10381.813385     256.252629     35.174712     6.000000     61219.500000     1488.137076     107.448268          c
3.414214     17844.834588     398.459365     34.724989     0.500000     110134.000000     2478.187383     118.654845          c
4.000000     13664.813717     406.179054     47.468713     24.000000     383726.000000     11082.901580     438.341382          d
2.000000     17418.178611     545.154941     50.662685     1.000000     364688.000000     11317.280072     450.607418          d
5.656854     4367.145431     117.013519     30.217953     2.000000     468794.000000     12071.235755     364.745521          d
4.000000     16342.448599     550.112158     55.357389     2.500000     319842.000000     10339.203996     464.379149          d
2.000000     17907.180697     593.576187     55.186470     20.500000     324100.500000     10675.607172     453.768730          d
2.000000     19783.348425     653.109488     56.131152     20.500000     312077.000000     10252.187833     435.598812          d
3.414214     15686.807783     549.358443     56.818286     0.500000     313869.000000     10929.252534     494.645631          d
156.710676     15202.883903     465.155310     48.692608     398.000000     380063.500000     11460.036327     451.682727          d
2.000000     1344.035700     64.695781     21.041024     2.000000     4481.500000     174.739932     32.635194          d
7.414214     1090.111820     62.146619     18.924291     2.500000     4450.500000     168.342973     29.256939          d
13.414214     1057.685414     52.667941     18.310908     6.500000     2696.000000     131.973689     27.945308          d
11.414214     1553.498683     70.620881     20.184920     8.500000     4458.500000     208.297412     33.547142          d
3.414214     8156.313492     256.319523     43.989671     0.500000     440892.000000     12789.795246     492.686712          d
8.000000     1576.327110     65.372759     18.804748     0.000000     4361.000000     182.013926     29.570322          d
10.485281     1250.219465     59.473768     17.482791     2.000000     4342.000000     163.458419     26.712571          d
6.000000     1250.219465     60.137577     17.480299     0.000000     4342.000000     165.068962     26.807857          d
0.000000     1148.177835     58.217907     17.533560     0.000000     4678.000000     167.753807     26.903080          d
3.414214     1063.040752     58.802709     17.736343     1.000000     4681.500000     169.468791     27.230578          d
270.007140     1854.961668     66.753418     17.745267     600.000000     3557.500000     157.293996     26.083160          d
2.000000     1452.243850     72.706853     19.072301     0.500000     7141.500000     228.594910     32.391099          d
4.828427     2483.059206     77.231409     18.780532     0.500000     9518.500000     237.146697     31.144526          d
2.000000     27500.596236     525.400030     33.567135     35.500000     266108.000000     5030.668275     143.115686          d
2.000000     26606.623587     535.001681     36.296357     8.000000     203158.500000     4030.851769     137.794611          d
76.284271     14164.242204     492.684582     56.975488     185.000000     336097.500000     10901.685966     494.106994          d
0.000000     16090.750119     284.438857     27.667954     0.000000     399301.500000     6742.677036     155.727778          d
33.313708     14982.111390     254.737718     25.771709     28.000000     414912.000000     6809.538462     150.930283          d
23.071068     18870.627647     316.376096     26.281781     36.500000     367096.000000     6012.077223     138.108655          d
2.000000     20060.996385     339.290467     27.279334     3.500000     308398.500000     5121.001625     126.780424          d
4.828427     18627.598207     324.660818     26.945521     14.000000     278313.000000     4707.572840     122.196749          d
17.556349     18826.392147     329.849055     26.799285     0.500000     288908.000000     4883.514304     125.907334          d
16.485281     18648.679382     326.660709     26.463711     12.000000     341352.500000     5870.406954     142.282403          d
3.414214     28234.375017     519.412427     30.115311     0.500000     294380.000000     5381.047825     140.115410          d
12.000000     24622.424335     467.877789     31.068576     197.500000     264088.500000     4913.062514     142.158356          d
5.656854     22516.960141     443.265222     32.676226     2.000000     220019.500000     4219.721207     138.872770          d
5.656854     15856.000772     545.467645     57.486429     1.000000     314760.500000     10315.813838     465.418977          d
44.142135     14144.780434     303.955242     30.959601     64.000000     163447.500000     3123.355561     123.795082          d
13584.155984     13584.155984     295.844885     30.840490     158975.000000     158975.000000     3033.384479     122.604426          d
10.828427     12599.673669     306.969115     30.564985     5.000000     88266.500000     2027.139294     106.225182          d
6.242641     10484.302840     224.133165     29.194912     0.500000     85249.500000     1648.125713     94.562773          d
4.828427     7192.670919     171.922819     28.949338     0.000000     72638.000000     1400.662655     87.635011          d
2.000000     6393.762197     158.102229     28.959764     28.000000     67840.500000     1301.140320     84.249672          d
2.000000     10805.793177     218.912626     28.682914     326.000000     100229.500000     1844.176445     89.008059          d
17.556349     19717.911041     341.152752     26.596206     0.500000     307787.000000     5185.247418     128.282621          d
4.000000     16054.722769     283.034248     26.430774     0.500000     213791.000000     3633.481336     107.775263          d
3.414214     20762.098978     355.748362     26.219880     0.000000     271954.500000     4558.646000     114.992719          d
2.000000     9808.762523     396.333605     57.100723     21.000000     344528.000000     11626.224806     582.956906          d
4.000000     17468.165545     305.479990     25.690243     372167.500000     372167.500000     6242.592755     144.924340          d
2.000000     18338.596122     325.021875     26.538161     280364.500000     280364.500000     4851.775297     126.527927          d
2.000000     10327.952555     275.224448     30.061664     31.500000     69451.000000     1863.764255     105.885583          d
29.899495     28545.443118     526.472000     29.572037     50.500000     218423.000000     4001.260163     114.790097          d
4.000000     22628.217940     386.039563     25.210245     366566.000000     366566.000000     6215.711310     136.118890          d
2.000000     16802.060862     282.427012     24.333096     395081.000000     395081.000000     6530.468637     142.167987          d
2.000000     7667.990556     179.621020     27.490007     25.500000     443911.000000     10107.138668     275.322095          d
3.414214     6457.168060     150.599928     25.041978     0.500000     460603.000000     10449.150445     276.424305          d
5.656854     5996.391368     144.267503     24.110130     2.000000     461334.500000     10834.462220     291.455850          d
5.656854     4972.345563     117.010657     25.851169     0.500000     467926.000000     10134.284103     265.280385          d
13922.044160     13922.044160     429.442529     48.692296     414233.000000     414233.000000     12404.861424     494.322292          d
2.000000     5323.080624     123.217507     24.782261     7.000000     464070.000000     10182.773891     264.738439          d
2.000000     4022.635765     92.210442     21.609730     1.500000     470330.000000     10036.672510     248.372893          d
4.828427     4863.669378     109.457670     22.923407     1.000000     466972.000000     10024.449771     252.053711          d
2.000000     8122.808880     180.758536     27.343234     1.500000     449356.000000     9654.375502     256.486848          d
5.656854     4681.662239     106.382385     24.562293     2.000000     467505.500000     9924.838900     254.392471          d
2.000000     4826.757690     107.231633     23.932876     0.500000     467316.000000     9736.142110     244.758576          d
4.000000     4671.485613     105.441259     24.196066     467249.500000     467249.500000     9868.323136     250.942436          d
2.000000     7391.071731     162.290662     25.912411     5.500000     444785.500000     9493.965547     244.056518          d
2.000000     6280.648291     154.044246     29.496495     1.000000     447351.000000     9626.875759     270.039778          d
2.000000     4512.383019     101.669465     22.560540     2.000000     468799.500000     10017.612382     250.098904          d
4.000000     13425.451237     408.121354     47.458723     104.500000     375288.000000     11171.366726     443.984057          d
13.656854     4157.530207     97.769676     22.221960     8.000000     470603.500000     10406.520223     265.691781          d
2.000000     7812.784496     175.334140     27.963986     219.000000     442189.000000     9528.226367     252.137018          d
2.000000     8654.185637     195.868975     28.905312     440639.000000     440639.000000     9626.239994     262.592796          d
6.828427     7250.132695     173.071622     30.184737     1.000000     436112.000000     9442.539090     268.026685          d
4.000000     6990.111271     156.923377     30.888244     1.000000     459249.500000     9677.875505     257.267437          d
2.000000     6958.204636     162.998652     31.577331     301.500000     457668.500000     10277.407159     283.501766          d
4411.086558     4411.086558     105.764981     28.146542     470166.000000     470166.000000     10643.992084     287.922308          d
69.355338     4191.765709     99.964836     26.788566     234.500000     468699.500000     10509.379355     281.011821          d
3.414214     4448.417510     108.289996     28.407937     0.500000     468654.500000     10588.801172     290.919050          d
2.000000     4633.880495     112.726159     29.200748     2.000000     468520.000000     10577.689791     293.023712          d
4.000000     14493.604686     487.341715     53.554025     351968.500000     351968.500000     11239.753759     496.326748          d
5097.894773     5097.894773     123.607855     30.330054     466752.000000     466752.000000     10572.946383     296.482290          d
5.656854     5968.318214     151.799820     32.845569     2.000000     464000.500000     10623.485465     303.740692          d
10.242641     5701.264390     140.587874     29.810556     5.500000     464036.500000     10527.771428     289.724511          d
4895.367861     4895.367861     115.830377     26.003072     467274.500000     467274.500000     10756.299279     287.569194          d
5.656854     4388.525156     110.114056     27.485980     2.000000     469325.500000     11114.785283     312.449776          d
5026.563819     5026.563819     128.407939     29.067504     464766.500000     464766.500000     11393.459056     331.900180          d
27.071068     5019.225728     126.490889     29.711452     8.500000     466760.500000     10770.968273     299.439531          d
5.414214     4922.497803     122.882745     28.488234     0.500000     466559.000000     10838.343492     298.834503          d
109.254833     4356.743409     106.673575     27.209533     303.000000     468954.000000     11108.365215     307.406794          d
5.656854     4062.711885     105.042876     26.827002     470757.500000     470757.500000     11624.034319     331.071080          d
2.000000     8663.617094     397.057319     58.324556     19.000000     414830.000000     15827.774833     831.339752          d
2.000000     4020.854022     102.778753     27.807168     471560.500000     471560.500000     11429.786298     325.112581          d
5.656854     3774.545365     100.137374     28.968712     2.000000     470633.500000     11761.562154     346.892812          d
5.414214     6196.408614     147.871760     29.382150     456944.000000     456944.000000     10629.020369     296.303465          d
5.414214     5498.512083     131.498530     28.508290     459468.000000     459468.000000     10641.755409     293.703435          d
5.414214     4417.772848     108.475105     27.722469     1.500000     468645.000000     11094.837923     309.327818          d
5.414214     4727.184094     115.516031     28.428660     1.500000     460250.000000     10755.494386     299.290164          d
5.656854     4427.672343     109.381187     27.597679     2.000000     469214.500000     11209.290444     313.582810          d
5.656854     4231.062172     107.665383     27.463924     2.000000     468718.000000     11545.286574     328.937766          d
5.656854     4162.091610     108.995087     27.976444     2.000000     470053.000000     11809.815119     343.033165          d
5.656854     4240.174869     110.335599     28.812210     2.000000     469713.000000     11723.782030     341.990025          d

0000     11393.459056     331.900180          d
85    27.071068     5019.225728     126.490889     29.711452     8.500000     466760.500000     10770.968273     299.439531          d
86    5.414214     4922.497803     122.882745     28.488234     0.500000     466559.000000     10838.343492     298.834503          d
87    109.254833     4356.743409     106.673575     27.209533     303.000000     468954.000000     11108.365215     307.406794          d
88    5.656854     4062.711885     105.042876     26.827002     470757.500000     470757.500000     11624.034319     331.071080          d
89    2.000000     8663.617094     397.057319     58.324556     19.000000     414830.000000     15827.774833     831.339752          d
90    2.000000     4020.854022     102.778753     27.807168     471560.500000     471560.500000     11429.786298     325.112581          d
91    5.656854     3774.545365     100.137374     28.968712     2.000000     470633.500000     11761.562154     346.892812          d
92    5.414214     6196.408614     147.871760     29.382150     456944.000000     456944.000000     10629.020369     296.303465          d
93    5.414214     5498.512083     131.498530     28.508290     459468.000000     459468.000000     10641.755409     293.703435          d
94    5.414214     4417.772848     108.475105     27.722469     1.500000     468645.000000     11094.837923     309.327818          d
95    5.414214     4727.184094     115.516031     28.428660     1.500000     460250.000000     10755.494386     299.290164          d
96    5.656854     4427.672343     109.381187     27.597679     2.000000     469214.500000     11209.290444     313.582810          d
97    5.656854     4231.062172     107.665383     27.463924     2.000000     468718.000000     11545.286574     328.937766          d
98    5.656854     4162.091610     108.995087     27.976444     2.000000     470053.000000     11809.815119     343.033165          d
99    5.656854     4240.174869     110.335599     28.812210     2.000000     469713.000000     11723.782030     341.990025          d

