minimPerim   maximPerim   deviatiePerim    mediePerim   minimArie   maximArie   deviatieArie    medieArie  tip 
2.000000     852.648835     78.311679     36.948677     4.000000     3640.500000     258.094799     78.757519          a
24.142135     1170.798111     94.121910     39.301215     21.000000     4356.000000     318.130890     87.389883          a
2.000000     1176.111820     98.519731     39.888854     0.500000     4554.000000     345.067269     91.612172          a
9.414214     945.661029     87.797943     38.117500     3.500000     3636.000000     265.622521     79.041001          a
8.828427     2253.613467     113.372518     40.663655     5.000000     6683.500000     369.762060     90.774532          a
2.000000     2213.713972     117.819500     43.108293     4.500000     6652.000000     382.607199     97.591048          a
2.000000     1325.023507     100.829487     40.337611     8.000000     5584.500000     360.389211     90.457120          a
2.000000     1366.195079     94.152884     38.712834     4.000000     5528.000000     326.013028     83.767241          a
16.242641     2233.956613     113.986583     41.349096     11.500000     6638.500000     377.551760     94.361474          a
2.000000     1179.768674     96.213166     40.765091     14.500000     4387.000000     285.866365     85.353166          a
5.414214     429.587874     45.413005     30.184408     1.500000     1956.500000     125.004919     52.075564          a
2.000000     2224.542400     113.885906     41.236828     0.500000     6640.000000     376.305496     93.266387          a
2.000000     2226.642905     111.031797     41.169381     153.500000     6643.500000     366.714557     91.242960          a
2.000000     2220.299759     101.636361     39.241938     2.000000     6628.500000     326.609684     81.839713          a
2.000000     8652.613253     403.197269     69.873730     0.000000     51240.500000     2361.342345     283.828231          a
2.000000     6066.198710     327.526276     74.050997     64.500000     36955.500000     1910.843889     294.331641          a
0.000000     8652.613253     417.941756     74.897515     0.000000     51240.500000     2518.199440     327.611796          a
2.000000     72.083260     9.135537     9.964434     0.000000     88.000000     10.605551     7.348739          a
2.000000     44.284271     8.551178     9.009567     5.500000     89.000000     9.017609     5.966974          a
2.000000     43.213203     8.176549     8.486476     0.000000     51.500000     8.197493     5.441723          a
6.000000     70.669047     9.341039     9.680433     2.000000     89.000000     10.365706     6.870143          a
2.000000     608.298550     47.840611     30.815408     1.000000     1739.000000     128.340194     53.438467          a
2.000000     54.041630     8.640021     9.302395     11.000000     88.500000     9.338151     6.235108          a
0.000000     54.041630     8.490020     8.722899     0.000000     70.500000     9.051324     5.750735          a
2.000000     86.669047     9.492670     9.853596     1.500000     90.000000     10.910861     7.085024          a
3.414214     85.254833     8.876263     9.088474     0.500000     75.000000     9.096379     6.168057          a
5.414214     54.041630     8.322287     9.326655     1.500000     70.500000     8.826325     6.280355          a
23.556349     190.852812     12.431656     10.118344     9.500000     882.000000     31.273460     8.253425          a
8.000000     75.840619     8.582791     9.028136     9.500000     47.500000     8.229335     5.894970          a
8.828427     38.384776     7.919963     8.687502     6.000000     46.500000     7.784855     5.483564          a
2.000000     191.681239     12.711684     10.558688     1.500000     882.000000     31.914105     8.686211          a
4.000000     75.840620     8.638819     8.980580     1.000000     46.500000     8.275797     5.858954          a
12.828427     767.938160     54.662984     32.334035     9.000000     3452.500000     156.035227     56.350417          a
2.828427     38.384776     7.862400     8.727271     1.000000     46.500000     7.836407     5.495575          a
2.000000     867.376757     67.003636     37.091258     6.000000     3032.000000     196.169348     67.420419          a
2.000000     869.376757     71.313110     38.732947     0.000000     3027.000000     215.617044     73.178040          a
7.414214     866.548330     68.693465     38.066722     5.500000     3019.000000     204.747639     69.998206          a
15.899495     712.038664     65.153000     37.451960     7.500000     2822.000000     199.607735     69.551376          a
0.000000     1524.143345     89.684624     40.596399     0.000000     4776.500000     276.630668     79.912444          a
2.000000     1524.971773     90.861282     39.843316     13.000000     4778.500000     286.678580     78.534279          a
2.000000     731.737148     69.722236     38.894974     8.000000     3066.500000     216.630496     74.680269          a
2.000000     842.406195     70.519103     38.728389     0.500000     3012.000000     214.732312     73.251786          a
0.000000     601.653889     65.809727     38.034799     0.000000     1958.000000     197.509489     70.951888          a
4.000000     750.281305     52.375300     30.888166     1.000000     3479.500000     147.335519     53.384457          a
2.828427     65.698484     10.315563     8.632223     3.000000     111.000000     12.909747     6.080556          a
7.656854     144.509666     13.597878     9.371973     3.000000     185.000000     17.341124     6.805643          a
8.242641     142.468036     15.851562     11.982167     2.500000     252.500000     22.159010     9.930876          a
0.000000     141.882250     16.326602     12.037380     0.000000     251.000000     23.332604     9.890773          a
0.000000     71.112698     12.370279     9.168219     0.000000     122.500000     15.969218     7.024793          a
3.414214     216.551296     18.415678     11.410167     0.500000     349.500000     30.293127     10.424893          a
2.000000     140.468036     17.544378     13.185613     0.500000     251.500000     25.276757     11.834163          a
0.000000     136.225396     16.710685     12.436358     0.000000     252.000000     24.743180     10.908472          a
2.000000     119.154328     11.107746     10.312062     0.000000     125.000000     11.519730     6.831476          a
2.000000     120.325901     11.827500     10.643875     44.500000     234.000000     16.785539     8.255487          a
19.071068     435.002087     45.285238     31.185932     23.500000     1444.500000     118.826455     53.810131          a
0.000000     102.911687     10.765536     8.831720     0.000000     138.000000     11.065456     5.664308          a
0.000000     107.740114     11.060959     8.543105     0.000000     144.500000     11.441359     5.226817          a
0.000000     123.296463     11.365689     8.985715     0.000000     184.500000     12.816380     5.836075          a
10.828427     645.511753     50.312791     30.124729     4.000000     2472.500000     143.592517     52.422285          a
11.656854     479.019333     47.290101     30.852450     7.000000     2420.000000     135.414114     54.864333          a
4.000000     1134.597101     90.754524     38.613847     8.000000     4081.000000     285.879695     82.611271          a
4.828427     416.333041     43.183777     30.131903     1.000000     1957.000000     113.581895     50.197610          a
2.000000     6118.382470     476.123630     75.662679     110443.500000     120313.000000     8849.356319     830.947658          b
10.828427     4021.940578     309.658989     73.435953     3.000000     88306.000000     3986.227698     432.089661          b
2.000000     9332.568655     480.228208     72.602797     1.500000     152436.500000     7691.620243     644.875283          b
7.414214     6916.497258     411.100347     72.190444     3.500000     114167.000000     6204.544443     555.346078          b
2.000000     13066.487815     558.317958     66.312706     1.000000     150651.500000     6244.881952     424.928233          b
6.828427     6661.779442     384.822193     68.480601     2.000000     98725.500000     5875.534855     534.235019          b
2.000000     15010.939816     756.242049     81.537404     1.000000     162297.000000     8285.674830     662.018805          b
2.000000     5851.581396     426.011937     75.847938     17.500000     94353.000000     5458.693267     540.673432          b
5.414214     8080.349193     412.509320     69.632645     0.500000     115309.500000     5534.566439     487.402479          b
950.104679     7624.861825     426.068040     70.762989     8688.500000     110097.000000     5725.908234     508.717993          b
0.000000     462.658942     20.215178     11.965791     0.000000     1412.500000     34.247287     8.300036          b
2.000000     5058.402684     378.189024     71.306351     135.000000     127747.000000     7783.366728     684.238318          b
4.828427     380.717817     22.131374     12.760875     1.000000     1284.500000     34.632815     9.081711          b
34.970562     445.002088     32.490727     17.075634     18.500000     1367.500000     62.196429     16.879641          b
3.414214     445.002088     30.897622     16.906794     0.500000     1367.500000     61.307230     16.983436          b
3.414214     531.470123     28.817389     16.328333     0.500000     1448.000000     63.548994     18.110801          b
5.414214     379.060962     22.204723     13.248701     0.500000     1288.500000     35.954116     9.888741          b
2.828427     382.717817     24.001427     14.063911     1.000000     1287.500000     42.244964     11.367884          b
8.828427     464.901582     23.094732     13.779114     1.000000     1414.000000     38.220168     10.643732          b
0.000000     381.546244     27.079946     15.118431     0.000000     1286.500000     42.478139     12.217923          b
2.000000     379.889390     23.728226     13.619624     5.000000     1288.500000     41.146741     10.695875          b
4.000000     352.433546     25.697205     19.717959     3.500000     730.500000     49.216121     21.919654          b
8.828427     7662.719689     401.920318     63.773413     1.000000     103185.000000     6102.315020     516.682971          b
2.000000     430.416300     31.495657     22.496030     0.500000     729.500000     59.632728     26.697368          b
2.000000     428.173660     29.548397     20.963238     0.500000     840.000000     51.906799     23.243114          b
3.414214     344.190906     26.296181     19.934560     1.000000     845.000000     44.394176     20.386245          b
12.242641     258.208150     25.111412     18.890968     5.500000     491.000000     40.159868     18.494000          b
4.000000     345.019333     26.254024     20.041571     22.000000     729.000000     44.852570     21.340844          b
4.828427     428.173660     30.526557     21.951506     1.000000     702.500000     49.965722     24.136111          b
2.000000     428.173660     32.558529     22.243665     140.500000     847.000000     55.215167     24.565191          b
4.000000     526.700572     33.764920     21.960394     79.000000     873.000000     56.322052     23.905157          b
2.828427     639.754394     31.883560     20.863035     45.500000     1020.000000     50.270991     21.088986          b
20.485281     640.582821     31.205133     20.315361     12.000000     1022.000000     46.905149     20.011012          b
4.828427     10981.574919     455.060728     59.876683     2.500000     144805.000000     6142.151901     413.547112          b
4.000000     641.754394     37.803547     22.912886     14.500000     1152.000000     62.810411     24.953053          b
10.000000     634.582821     37.410078     22.866973     1.000000     1150.500000     62.223678     24.752556          b
5.656854     657.653889     38.479710     23.478156     2.000000     1143.500000     63.487430     25.531477          b
0.000000     429.587873     34.025134     22.895121     0.000000     702.000000     54.900821     24.957736          b
4.828427     403.445738     32.497075     22.554371     30.500000     690.500000     51.435827     24.085570          b
4.000000     355.261973     28.101459     20.652759     11.500000     689.500000     45.694948     22.017193          b
2.000000     434.558436     30.493691     21.437809     1.500000     1148.000000     51.909089     23.123908          b
3.414214     417.688379     32.674842     22.422037     0.500000     708.500000     51.535641     23.944818          b
50.384776     639.754394     35.684265     22.910814     56.500000     1020.000000     55.646872     24.261461          b
2.000000     641.754394     35.184360     22.870261     15.000000     1022.000000     55.911915     24.401519          b
2.000000     11359.966834     422.978755     56.157661     5.000000     141202.000000     5103.746348     315.143671          b
9.656854     428.173660     30.957001     22.497681     2.000000     730.500000     52.487712     24.704545          b
3.414214     658.239676     31.178732     19.935761     48.500000     1037.000000     49.678092     19.956289          b
0.000000     637.168608     34.253405     22.615336     0.000000     1019.500000     51.557105     23.512706          b
2.000000     325.220343     15.853225     14.644872     2.000000     924.000000     26.108271     12.511007          b
2.000000     320.492421     15.066098     13.642959     0.500000     932.500000     26.820545     11.590807          b
14.485281     103.740114     11.556963     11.872597     9.000000     190.000000     13.917131     9.015404          b
17.071068     137.195958     12.386922     10.174522     9.500000     199.500000     14.379259     6.758903          b
0.000000     172.852812     14.232348     14.341074     0.000000     302.000000     17.542310     11.445887          b
2.000000     119.396968     12.557808     12.564385     0.500000     191.000000     15.749375     9.653337          b
0.000000     74.911687     11.319057     11.342123     0.000000     190.500000     13.339467     8.300075          b
2.000000     9597.649831     353.734835     50.843585     1156.000000     97644.000000     3520.215626     246.078251          b
17.071068     146.852812     12.005367     10.079371     9.500000     190.000000     13.744917     6.595877          b
2.000000     74.325901     10.935508     10.111467     0.000000     192.000000     13.039118     6.799030          b
8.000000     94.325900     12.896271     13.387088     7.500000     190.500000     15.022898     10.042533          b
7.414214     102.568542     12.481447     12.034683     1.500000     191.000000     15.878786     8.857208          b
2.000000     106.568542     11.362248     10.519010     0.000000     188.000000     14.259090     7.148488          b
4.000000     89.154328     10.130889     9.243553     0.500000     93.500000     11.086688     6.044818          b
2.828427     89.154328     9.598928     8.243725     2.500000     92.500000     10.036240     5.012121          b
2.828427     43.455844     8.927432     8.190375     2.500000     71.000000     9.394310     4.924837          b
5.414214     103.154328     10.758234     8.634000     1.500000     186.000000     13.920887     5.643705          b
0.000000     102.568541     10.956596     9.310619     0.000000     410.500000     22.607973     6.438710          b
2.000000     11555.030764     476.515705     61.373939     0.500000     109090.000000     4399.603179     335.019149          b
2.000000     97.840620     8.685659     8.979844     2.000000     411.500000     17.032416     5.376453          b
3.414214     102.568542     10.637604     9.997669     0.500000     412.500000     18.312796     6.664565          b
2.828427     101.740114     11.787591     11.661547     0.000000     121.500000     12.378978     7.941529          b
4.000000     119.639609     12.001926     11.916258     2.000000     188.500000     15.039132     9.053174          b
0.000000     97.840620     9.046436     9.160765     0.000000     410.500000     17.789591     5.653907          b
8.242641     93.982755     12.042960     12.208021     1.500000     193.000000     14.537623     9.033060          b
4.828427     90.083260     12.490417     13.149026     1.000000     139.000000     14.498387     9.891974          b
4.828427     107.740114     11.884121     12.103277     0.000000     165.000000     13.587867     8.680536          b
4.000000     88.669047     11.245454     11.474549     0.000000     165.000000     12.436558     7.945081          b
6.000000     465.931020     15.261797     13.176571     1.500000     1489.000000     32.700853     10.197296          b
4.000000     14465.830084     733.549305     80.838619     4.000000     155979.500000     8053.825693     659.729075          b
5.414214     84.083260     11.351455     11.640232     0.500000     165.000000     12.761953     8.175655          b
2.000000     84.083260     11.132859     11.287719     2.000000     165.000000     12.676397     8.030471          b
10.828427     83.840620     9.786941     9.708185     1.000000     164.500000     11.360237     6.688192          b
0.000000     358.676187     14.511571     11.351493     0.000000     1304.000000     33.556243     9.069725          b
0.000000     179.095453     12.641405     9.990734     0.000000     441.500000     20.285688     7.503663          b
3.414214     77.941125     9.963466     8.969468     0.500000     184.000000     13.294752     6.229580          b
2.000000     50.384776     7.590440     7.320578     2.500000     80.500000     8.686930     4.453471          b
2.828427     69.112698     9.913466     9.390553     0.500000     132.500000     12.503984     6.514392          b
0.000000     90.183765     11.278895     11.404485     0.000000     218.500000     13.438686     8.166667          b
4.000000     122.225396     10.791241     9.019567     0.000000     219.000000     14.416455     6.349524          b
6.000000     6211.086009     442.041179     77.470131     53.500000     100105.500000     5607.927662     580.694553          b
2.000000     60.183765     8.755772     8.124092     0.000000     85.500000     9.160473     4.953608          b
22.727922     84.083260     10.563770     10.544698     29.500000     165.000000     12.067206     7.424504          b
8.000000     77.941125     9.597556     8.541704     1.500000     184.000000     12.584624     5.671767          b
4.000000     60.183765     8.744308     8.213848     1.000000     85.500000     9.164575     4.992029          b
4.000000     92.911687     10.661997     9.999481     0.000000     132.500000     13.929911     7.511023          b
2.000000     60.183765     9.049457     8.511536     0.000000     85.500000     9.493563     5.316880          b
2.000000     77.941125     10.105530     9.277502     0.000000     184.000000     13.789369     6.647208          b
5.414214     145.681239     10.696749     9.231515     1.500000     312.000000     14.576463     6.551651          c
2.000000     195.095453     14.197775     11.900172     79.500000     449.500000     21.106490     9.314701          c
2.828427     73.254833     11.040717     10.099086     8.500000     139.000000     12.459997     6.889542          c
5.414214     88.083260     11.950314     11.460476     1.500000     162.000000     15.147987     8.870805          c
5.656854     116.325901     11.831562     8.166146     10.000000     208.500000     15.629154     5.758820          c
11.656854     85.597979     11.232321     7.942738     6.000000     146.500000     14.135067     5.464354          c
5.414214     88.911687     10.256501     7.184776     1.000000     136.500000     10.153053     4.112891          c
11.656854     95.254833     10.793886     7.641282     6.000000     146.500000     12.178210     4.897046          c
4.000000     115.396968     10.372811     7.628504     0.000000     167.000000     11.467038     4.835923          c
2.828427     95.254833     10.020026     7.046778     0.000000     146.500000     11.585701     4.330073          c
23.556349     1445.599189     48.257354     19.309050     8.000000     5228.500000     140.134651     25.672884          c
2.000000     140.852812     11.190825     9.033969     7.000000     314.000000     15.661351     6.476012          c
2.000000     2624.906966     87.444339     23.336728     2.500000     9160.500000     285.888807     37.743175          c
20.485281     1869.346442     90.273983     25.781409     7.000000     9780.500000     332.478347     48.192023          c
2.000000     1870.174870     67.308510     22.081395     3.500000     6604.000000     197.337009     32.909292          c
2.000000     162.024385     17.008013     14.567521     4.500000     524.000000     26.822429     12.681612          c
2.000000     338.634557     19.342070     12.752855     2.000000     1175.500000     39.308357     10.296296          c
0.000000     2511.319092     79.464535     26.317511     0.000000     16970.500000     451.245296     48.588065          c
4.000000     419.102593     33.416573     22.723404     4.000000     957.500000     65.915719     28.899721          c
6.000000     711.536138     37.053121     24.264850     0.000000     1824.500000     82.038294     33.929290          c
16.242641     214.752307     25.213373     23.699116     8.500000     498.500000     50.928779     32.740395          c
4.000000     689.938160     40.427594     24.114372     0.500000     1582.500000     82.241132     32.557570          c
2.000000     87.012193     9.841032     8.284379     1.000000     137.500000     11.648218     5.402361          c
2.000000     726.021419     40.873039     26.637813     0.000000     1787.500000     90.261123     40.351099          c
2.000000     428.960457     33.790599     26.073097     3.000000     898.500000     71.295264     38.571827          c
14.242641     664.624451     36.992063     23.306431     8.500000     1573.500000     79.361294     32.656086          c
2.828427     471.144223     34.097318     22.537504     0.000000     964.500000     70.863951     31.444891          c
4.000000     321.847759     33.399265     23.525349     0.000000     1280.000000     76.910424     34.035931          c
2.000000     289.320848     29.910036     21.023487     38.500000     1296.500000     65.962628     27.879980          c
13.656854     323.847759     32.768195     23.895217     7.000000     1294.000000     74.434486     34.340625          c
106.568542     289.078207     28.541388     21.012025     281.000000     1166.500000     62.425587     27.105799          c
2.000000     217.095453     21.222023     14.791967     2.000000     340.000000     28.280650     12.343114          c
2.000000     241.865004     20.106729     16.733924     3.500000     675.500000     43.983529     19.461601          c
2.000000     107.740114     9.678740     9.349552     0.000000     188.000000     12.114234     6.309962          c
2.000000     267.421353     21.766659     16.107134     2.500000     681.000000     44.616437     17.764159          c
0.000000     121.396968     13.843711     13.374059     0.000000     257.000000     19.004151     10.854408          c
0.000000     117.396968     14.389762     13.574053     0.000000     257.500000     22.135607     11.824648          c
4.000000     110.568541     10.176066     10.967264     1.000000     232.000000     14.618220     8.458519          c
2.000000     268.249781     20.644465     15.295198     1.000000     678.000000     39.624991     16.361694          c
9.656854     154.953317     14.884561     13.349832     5.000000     258.000000     19.252355     10.477978          c
2.000000     136.852812     13.059914     11.169634     13.000000     179.000000     15.509254     7.575984          c
2.000000     623.653889     34.542761     22.129809     10.000000     1612.500000     74.135305     26.518733          c
2.000000     118.468036     12.155532     9.431139     3.000000     352.500000     16.753526     5.859494          c
2.000000     119.296463     11.549360     8.479619     22.500000     197.500000     10.798285     4.073452          c
2.000000     141.539104     12.558747     9.904744     15.000000     214.000000     17.211701     7.374230          c
2.828427     108.669047     10.070204     7.557236     23.500000     86.500000     7.566090     3.256144          c
2.000000     107.781744     10.148905     8.206782     6.000000     163.500000     10.427063     4.391823          c
4.000000     107.781744     10.239252     8.652675     4.000000     165.000000     10.815678     4.972163          c
0.000000     183.237588     18.714824     12.729876     0.000000     269.000000     24.129661     9.861416          c
4.000000     160.166520     18.654907     15.025039     1.000000     314.000000     26.228412     13.151079          c
9.656854     164.509666     16.662138     12.731671     2.000000     312.000000     23.994827     10.010340          c
0.000000     55.455844     7.394393     6.297124     0.000000     115.000000     7.885901     3.257991          c
2.000000     67.112698     8.004416     7.000876     0.000000     115.000000     7.725789     3.527410          c
2.000000     49.698484     8.200028     6.945361     0.000000     60.000000     6.584399     3.345650          c
2.000000     49.698484     8.114087     7.177365     2.500000     60.000000     6.786310     3.608382          c
2.000000     101.740114     13.076225     10.026404     12.000000     190.000000     20.319352     8.160096          c
7.414214     53.455843     8.144671     7.417988     0.500000     60.000000     6.898386     3.887164          c
4.000000     92.669047     8.925274     7.956697     5.000000     105.500000     7.770548     4.198513          c
4.000000     107.396968     8.764422     6.727465     6.000000     156.000000     9.092044     3.719975          c
4.000000     110.468036     8.690754     6.196794     0.000000     154.500000     7.871140     2.972643          c
2.000000     110.468036     8.493105     6.228512     0.000000     155.500000     7.853776     3.045219          c
6.828427     110.468036     8.298560     6.193950     2.500000     154.500000     7.758820     3.047762          c
0.000000     70.426406     8.165949     6.731223     0.000000     103.000000     8.228001     3.700000          c
13.656854     70.426406     8.764984     7.373615     8.000000     104.000000     9.292326     4.597621          c
4.828427     70.426406     8.868780     7.183335     1.000000     104.000000     9.624727     4.520992          c
4.828427     70.426406     8.759246     7.268987     1.000000     104.000000     9.033185     4.329114          c
38.970562     97.497474     14.306055     10.974887     84.000000     173.500000     21.619946     9.135714          c
4.828427     64.669046     8.062726     6.608395     1.000000     78.500000     6.828685     3.058056          c
3.414214     63.840619     7.843465     6.469497     8.000000     77.500000     7.188278     3.199499          c
3.414214     63.254833     7.429541     5.990485     0.000000     77.000000     6.450850     2.776555          c
2.000000     63.840619     7.842558     6.543873     2.000000     77.500000     6.618520     3.047353          c
2.000000     64.426406     8.049129     6.519458     0.000000     77.000000     7.038422     3.167532          c
23.071068     110.468036     8.783622     6.631993     6.500000     153.500000     8.317121     3.344471          c
0.000000     98.083260     11.921319     13.741857     0.000000     233.500000     16.142439     11.616133          c
3.414214     131.396968     13.124655     14.441607     2.000000     235.000000     19.360250     12.914788          c
4.000000     142.710677     13.783032     13.101520     8.500000     350.500000     22.893780     11.352692          c
2.000000     141.882250     15.694110     15.765623     10.000000     350.500000     26.376719     15.893112          c
2.000000     92.911687     13.528926     10.314844     1.000000     173.500000     19.189483     7.860679          c
0.000000     141.053822     11.988351     13.728180     0.000000     350.500000     17.200136     11.844349          c
2.828427     141.053822     12.253510     14.336060     13.000000     351.500000     17.756449     12.931569          c
0.000000     141.053822     12.685528     14.980693     0.000000     351.500000     19.024898     14.014636          c
2.000000     95.012193     11.184588     13.303224     0.000000     148.000000     14.203900     11.063041          c
2.828427     132.811182     13.586854     14.250333     14.000000     235.000000     20.508225     13.043248          c
2.000000     115.740114     15.560206     15.786942     3.500000     137.000000     19.401164     13.815148          c
4.000000     114.225395     12.802031     13.359881     5.500000     117.000000     14.682889     10.283100          c
2.000000     97.740114     12.473524     12.447290     25.500000     103.000000     14.483155     9.279891          c
5.414214     187.580734     16.970508     16.447672     0.500000     294.500000     22.544665     14.595447          c
2.000000     158.710676     14.345583     13.672720     5.000000     240.500000     18.853507     11.120998          c
14.242641     174.409161     14.632382     12.842691     8.500000     280.000000     20.934154     10.731807          c
2.000000     158.710676     14.220025     12.835417     6.500000     239.500000     17.992122     9.879771          c
2.000000     158.710676     12.586894     11.456661     0.000000     192.000000     13.260938     7.975100          c
2.000000     71.012192     10.354355     8.387447     7.000000     82.500000     9.593150     4.846981          c
2.828427     166.267026     14.391366     13.050510     2.500000     180.500000     16.544510     9.952994          c
2.000000     98.325901     12.186402     10.348545     0.500000     103.500000     13.078925     7.088748          c
0.000000     160.852812     13.514938     10.475292     0.000000     193.000000     14.419227     7.199067          c
11.414214     115.740114     12.845362     10.030442     3.500000     319.500000     20.601922     7.937984          c
0.000000     145.639609     14.007094     10.072832     0.000000     431.500000     21.656271     7.519218          c
2.000000     130.568542     12.728736     9.361294     0.000000     431.500000     19.377417     6.452861          c
2.000000     137.781744     11.554568     8.695520     3.500000     295.000000     14.789140     5.405509          c
2.000000     179.681239     19.769168     15.098887     0.000000     668.000000     38.015260     14.880123          d
0.000000     611.470123     26.053729     15.829798     0.000000     2410.000000     75.717288     16.864567          d
2.000000     1433.190027     88.918973     34.250728     0.500000     3685.000000     235.157702     57.881247          d
4.000000     181.580734     20.265666     15.325204     32.000000     420.000000     37.530938     15.054327          d
2.000000     181.580734     15.791557     13.012778     0.000000     406.500000     25.243401     10.917021          d
3.414214     182.994947     16.071948     13.385955     0.500000     405.000000     26.505996     11.532597          d
24.242641     424.031524     22.615967     13.317777     10.000000     914.500000     44.908198     12.595652          d
2.000000     679.210238     26.607573     15.961288     0.000000     2753.000000     80.027332     17.524899          d
0.000000     141.539104     14.406779     16.436725     0.000000     264.000000     23.510204     16.006294          d
2.000000     141.781744     13.832560     16.383326     1.000000     215.500000     21.102828     15.468886          d
6.242641     65.941125     11.184748     14.336559     1.500000     171.000000     16.596159     12.197395          d
2.000000     177.923880     15.220354     17.634964     7.000000     340.500000     25.702951     18.266004          d
0.000000     181.681239     19.024192     15.294778     0.000000     670.000000     35.933853     15.510844          d
2.000000     175.923880     14.271157     16.847360     5.000000     342.500000     22.776279     15.722922          d
4.000000     63.112698     10.400227     14.909772     3.000000     122.000000     15.053206     12.770739          d
6.000000     135.681239     11.596554     14.925579     2.000000     128.000000     15.608745     12.542010          d
14.242641     134.267025     12.359695     14.284531     2.000000     135.000000     16.906717     11.806452          d
0.000000     134.267025     11.862532     14.231602     0.000000     127.500000     15.285884     11.515179          d
8.242641     134.267025     12.940536     14.233838     3.500000     135.000000     17.640120     12.119349          d
18.828427     106.083260     14.838760     16.824108     16.000000     168.500000     22.700615     16.811441          d
6.828427     134.267025     13.109896     15.502889     1.000000     168.500000     18.417147     14.018646          d
2.000000     80.183765     8.954761     9.843429     0.000000     111.500000     10.118841     6.719747          d
2.000000     80.183766     8.364609     8.888175     1.500000     112.000000     8.936650     5.684211          d
8.828427     175.195958     19.016737     14.571270     4.000000     422.500000     33.289331     13.779833          d
0.000000     94.426406     9.832715     10.204016     0.000000     127.500000     11.575922     7.386098          d
4.828427     88.426406     9.947735     9.642486     1.000000     126.000000     11.186305     6.799020          d
0.000000     87.840620     9.615350     9.289105     0.000000     127.500000     10.851382     6.500453          d
15.656854     63.112698     9.254265     9.254209     14.000000     86.500000     10.506216     6.603440          d
4.828427     63.112698     9.109248     9.115972     1.000000     73.500000     10.168480     6.523145          d
2.000000     57.941125     8.401471     8.414890     0.000000     101.000000     9.196453     5.820275          d
2.000000     88.426406     9.557982     9.790652     8.500000     127.000000     11.397770     7.017914          d
10.242641     60.769552     8.432897     9.076360     2.500000     99.000000     9.297240     6.086538          d
4.828427     55.698484     7.993530     8.667091     2.500000     58.500000     8.073146     5.520478          d
13.656854     55.941125     7.964002     8.485752     5.000000     58.500000     8.033243     5.485849          d
2.000000     158.852812     18.733186     14.311699     3.500000     422.500000     33.595930     13.498031          d
16.242641     55.941125     8.008994     8.941005     14.500000     58.500000     8.176614     5.913851          d
6.000000     59.355338     8.095463     9.126998     0.000000     60.500000     8.279351     6.042380          d
2.000000     59.355338     8.096860     9.266659     9.500000     60.500000     8.159398     6.187775          d
2.000000     59.355338     8.173887     9.191483     0.000000     60.500000     8.230417     6.126564          d
2.000000     59.355338     8.093033     9.102721     22.000000     60.500000     8.203405     6.029538          d
0.000000     59.355338     8.015363     8.966257     0.000000     60.500000     8.028900     5.854503          d
19.071068     59.355338     8.254479     8.962535     19.500000     102.000000     8.860454     6.086061          d
2.000000     57.941125     8.376315     8.479668     22.500000     101.000000     9.065991     5.815035          d
2.000000     49.455844     8.463570     8.505661     1.000000     72.000000     9.104567     5.865564          d
2.000000     63.112698     8.890307     8.794975     1.500000     72.000000     9.870481     6.228981          d
2.000000     160.852812     19.507320     14.580228     0.500000     421.500000     35.426134     13.965784          d
2.000000     58.769552     8.603702     8.598380     9.000000     102.000000     9.334753     5.909913          d
2.000000     57.112698     8.313751     8.812387     1.500000     102.000000     8.683740     5.784680          d
5.414214     59.355338     8.174789     9.400588     0.500000     60.500000     8.260484     6.290167          d
2.000000     59.355338     7.942862     8.891224     1.000000     60.500000     8.021333     5.794944          d
40.041630     88.426406     9.272860     9.511855     19.500000     126.000000     10.864637     6.701114          d
0.000000     88.426406     9.304530     9.373287     0.000000     126.000000     10.802632     6.593638          d
2.000000     384.232536     30.229042     19.986346     0.000000     1016.000000     58.928373     23.997583          d
2.000000     392.475176     33.143418     20.829946     1.500000     1170.000000     69.443182     25.844156          d
0.000000     566.399056     36.469162     21.351168     0.000000     1269.500000     78.545217     27.744096          d
2.000000     315.119838     34.333009     21.975742     17.500000     1172.000000     74.137491     28.014068          d
5.414214     260.107645     19.453242     15.127865     1.500000     842.000000     38.508400     14.987427          d
2.000000     315.119838     33.768286     21.374865     1.000000     1165.500000     76.513833     27.277856          d
2.828427     556.256921     35.080642     21.617572     0.000000     1277.500000     75.186458     27.093605          d
2.000000     387.060963     34.230014     21.753422     2.500000     984.500000     76.122529     27.828579          d
4.000000     388.960458     29.921707     18.536711     5.500000     1075.000000     57.960449     20.732412          d
2.000000     381.404108     29.447465     18.901819     8.000000     1178.000000     59.778053     21.229426          d
4.828427     353.504614     28.592158     18.770096     0.500000     1177.000000     59.204329     21.063895          d
29.899495     381.404108     29.386157     17.896692     20.500000     1164.500000     60.630376     19.650144          d
29.313708     380.333040     28.927059     17.680015     38.000000     1075.000000     56.556809     19.184902          d
2.000000     388.374671     27.301459     17.550435     2.000000     1076.000000     55.377387     19.750402          d
2.000000     353.504614     32.944735     21.196819     10.500000     1178.000000     75.033057     26.485335          d
2.000000     680.381811     26.834430     16.131763     1.000000     2751.000000     81.146885     17.822433          d
8.828427     564.399056     36.391813     21.960127     1.000000     1266.500000     78.888571     28.208801          d
8.828427     386.717817     31.484141     20.368688     2.000000     1075.000000     65.454337     24.250122          d
2.000000     385.546244     32.131572     20.307600     0.500000     1076.000000     64.436435     24.204831          d
2.000000     388.960458     28.898215     18.834635     2.500000     1076.000000     58.684305     21.969184          d
2.000000     435.203098     41.141052     25.874195     0.000000     1211.500000     93.531542     36.120699          d
2.000000     913.175748     57.444163     29.665431     4.000000     2087.000000     128.893095     44.570734          d
2.000000     1168.011314     69.523163     32.468648     0.000000     2465.500000     161.798825     53.209748          d
2.000000     1159.526033     66.590651     30.841479     1.500000     2476.500000     153.422303     48.926313          d
4.828427     1205.116873     65.503692     31.073413     1.000000     2817.000000     149.935632     48.651515          d
3.414214     1171.661030     64.473005     30.883958     0.500000     2880.000000     142.907220     47.087058          d
4.000000     645.026472     27.257945     16.340628     22.500000     2678.500000     85.076268     18.127378          d
12.242641     1172.489457     64.471183     31.785404     5.500000     2880.000000     142.038773     49.004707          d
2.000000     700.908722     51.484844     28.977351     1.500000     1212.500000     115.149163     42.553731          d
2.000000     855.862039     61.564569     30.475416     4.500000     2187.000000     138.543287     45.967115          d
4.000000     1171.425528     76.533631     33.479552     209.500000     2465.000000     177.270470     56.146162          d
2.000000     1110.898618     77.941783     33.821158     1.000000     3296.000000     195.653610     56.257584          d
4.000000     1434.261094     88.778042     35.822529     1.000000     3674.500000     217.470267     59.141298          d
0.000000     801.394004     57.229854     29.672262     0.000000     1883.500000     123.404218     42.683156          d
2.000000     836.548331     61.972545     30.859334     27.000000     2371.500000     141.431159     45.463504          d
2.000000     850.690466     68.470878     32.334630     0.500000     2371.500000     155.219153     50.042291          d
16.828427     1349.834690     80.260605     34.157788     5.000000     3512.000000     203.335926     58.619800          d
2.000000     320.291410     19.617237     13.990469     10.000000     646.500000     36.092847     13.260520          d
4.828427     1383.047892     81.248543     34.118725     1.000000     3519.000000     204.648664     56.340022          d
2.000000     1433.190027     85.976362     35.241001     1.000000     3685.000000     219.674387     58.934225          d
2.000000     799.151363     52.240761     28.182501     0.000000     1880.000000     110.758498     38.449760          d
2.000000     829.192993     54.850888     28.974997     4.000000     2376.500000     123.573021     40.923664          d
2.000000     864.347320     65.105602     31.541052     0.000000     2329.500000     147.437811     47.232194          d
2.000000     867.761533     61.601009     30.159920     0.000000     2375.500000     140.707024     43.938780          d
0.000000     862.933106     68.321647     32.203718     0.000000     2379.500000     158.540865     50.242735          d
2.000000     1355.248903     81.920137     34.055720     44.000000     3720.000000     204.848291     57.260128          d
0.000000     1347.248903     85.458793     34.478098     0.000000     3714.000000     225.763590     59.630338          d
2.000000     1413.432668     88.096654     34.008164     0.500000     3719.000000     230.151257     56.960938          d

