minimPerim   maximPerim   deviatiePerim    mediePerim   minimArie   maximArie   deviatieArie    medieArie  tip 
15.899495     14593.854466     936.357557     86.147990     8.500000     360456.500000     23120.603485     1551.061983          a
6.000000     14015.306134     1088.923704     118.059112     2.000000     374493.500000     29062.623921     2367.087879          a
2.000000     15385.140826     963.110959     100.107886     19.000000     319788.000000     19910.822601     1381.727626          a
6.242641     15558.513407     980.129774     82.648168     0.500000     373155.000000     23459.930927     1532.107143          a
4.000000     13208.088758     943.822547     93.211307     1.000000     382668.000000     27262.358344     2016.482143          a
12.485281     10151.323929     1057.870316     133.655372     2.000000     429214.500000     44741.334916     4770.439560          a
2.000000     13423.735506     939.187642     89.366377     0.500000     371536.000000     26009.616910     1874.280788          a
2.000000     12593.780101     850.070171     91.069050     123.500000     356738.000000     23941.757808     1714.746606          a
2.000000     12861.052180     1009.742012     97.104730     33.000000     408692.500000     32107.333062     2564.937888          a
4.000000     14622.852379     1002.359892     86.594071     1.000000     393708.000000     26974.465587     1898.825472          a
2.000000     9886.700689     423.555285     58.860140     8.000000     87525.500000     3257.082751     239.079196          a
2.000000     13664.841066     947.024543     79.560699     0.500000     404035.500000     28013.387325     1969.640097          a
9715.309648     9715.309648     1052.135750     133.005864     435274.500000     435274.500000     47206.296136     5205.059524          a
2.000000     12937.755720     1008.260957     99.137890     0.000000     402172.000000     31306.443925     2490.411585          a
2.000000     10413.372699     1122.794111     161.709029     0.000000     358924.500000     38689.591400     4368.817647          a
7.656854     9951.351285     1163.198524     160.251018     53.000000     399559.000000     46754.308013     5608.048611          a
2.000000     9297.655759     1160.464215     178.780229     0.000000     389821.000000     48711.818685     6283.857143          a
2.000000     238.208151     28.026842     20.822680     1.500000     658.500000     53.832331     25.728507          a
2.000000     236.450791     23.746190     17.937834     17.000000     658.500000     40.622960     19.576366          a
2.000000     236.450791     22.357750     16.642307     0.000000     658.500000     37.656719     17.311878          a
3.414214     343.889390     32.800069     22.431431     0.500000     657.000000     63.643973     29.390605          a
2.000000     11846.473537     462.976780     64.554762     1.500000     121767.500000     4434.353530     288.477184          a
2.000000     232.450791     25.535530     19.368953     22.500000     658.500000     44.554770     22.247768          a
2.000000     246.107645     24.725609     18.237064     0.000000     658.500000     42.409729     20.060766          a
2.000000     488.842706     35.599376     23.243450     1.500000     1336.000000     75.752872     31.691713          a
18.142135     245.764499     26.898966     20.121468     6.000000     715.000000     50.756876     23.984583          a
2.000000     201.722869     21.780455     17.748488     9.000000     366.000000     34.387244     18.750895          a
8.828427     1111.851933     44.254875     21.260641     0.000000     3219.000000     124.466338     29.271375          a
2.000000     197.379723     20.608872     16.744765     4.000000     558.500000     32.656146     16.883827          a
4.000000     187.580734     18.218275     15.354960     14.000000     174.500000     24.795308     14.151320          a
2.000000     833.376758     39.010242     20.926200     10.000000     3234.000000     109.370730     27.718398          a
3.414214     186.752307     19.856381     16.464310     0.500000     556.500000     31.563412     16.268890          a
7.414214     19587.424550     801.304220     60.101705     2.500000     175829.500000     6985.039392     347.095645          a
0.000000     187.580734     17.743997     15.157657     0.000000     174.500000     24.025318     13.731832          a
4.000000     4233.954857     235.221556     58.327199     23.500000     16759.500000     1015.805808     182.611708          a
2.000000     3576.945630     237.768065     60.284035     12.500000     14937.500000     1011.623940     191.483735          a
2.000000     2796.941455     213.465660     59.939262     194.500000     12328.500000     929.221303     188.673533          a
5.414214     2608.213534     195.349292     60.275792     1.500000     11394.000000     888.947292     193.380208          a
5.414214     2947.534384     198.563935     59.787843     1.500000     25453.500000     1282.473098     224.251229          a
90.083260     3762.325355     206.549209     63.906032     197.000000     37123.000000     1589.599244     242.921115          a
2.000000     2606.799321     195.310150     61.159876     12.000000     12435.500000     1030.094421     217.596899          a
2.000000     3617.389280     231.799664     62.698303     0.500000     16265.000000     1086.040502     211.693464          a
2.000000     2613.142467     197.747309     60.597431     2.000000     11385.500000     935.291983     201.750641          a
2.000000     16916.615125     754.810188     72.326125     143.500000     146547.000000     6487.136856     429.721477          a
5.414214     213.580734     21.764650     17.120384     0.500000     907.500000     55.519496     20.016600          a
19.899495     318.391916     33.691136     20.292372     11.500000     1132.500000     100.042262     30.004582          a
4.000000     462.416301     44.256564     23.323280     0.000000     1585.000000     141.561418     39.092004          a
10.242641     1118.271200     57.838719     27.445571     3.500000     4273.500000     198.792792     51.292308          a
6.242641     290.149276     31.887160     19.780880     0.500000     973.500000     90.595744     28.753759          a
2.000000     366.776692     41.382541     25.277039     0.000000     1241.500000     129.021971     44.607877          a
21.899495     486.215290     53.491931     28.839271     15.500000     2709.000000     188.591831     56.040163          a
0.000000     1107.785918     57.758790     28.382180     0.000000     4259.500000     203.933086     53.750784          a
2.000000     846.607206     51.058064     26.159778     0.500000     1911.000000     111.027301     36.845679          a
4.000000     1208.011314     58.761990     30.370586     45.500000     3844.500000     159.703242     49.095502          a
6.828427     12530.654336     491.279304     66.369965     3.000000     125417.500000     4679.714000     313.525170          a
2.000000     751.394003     38.938931     20.512868     2.500000     1563.500000     76.810571     23.606763          a
48.627416     735.837654     40.298659     22.917461     34.000000     1570.000000     79.021859     26.562174          a
2.828427     738.080295     46.359435     23.701344     0.000000     1960.000000     102.404644     29.400883          a
7.414214     16795.004075     641.516938     66.466436     1.000000     141980.500000     5183.680177     291.889474          a
3.414214     12930.016813     518.416833     64.001051     0.500000     103314.500000     4213.117481     301.689065          a
2.000000     12448.954644     1202.745626     143.808540     407020.500000     407020.500000     39341.155140     3907.745283          a
4.000000     13973.161038     506.337698     52.078145     8.000000     68606.000000     2440.854677     168.664205          a
26.828427     6725.353034     1003.346419     192.288716     39.000000     249982.000000     34880.706801     5773.506757          b
10.242641     6962.804707     859.608299     146.197399     6.500000     411975.000000     50348.727926     6635.166667          b
14.242641     6266.461562     917.281083     188.161411     9.500000     304860.000000     38599.666365     6090.636364          b
2.000000     6634.427073     860.614166     174.201245     0.500000     315837.000000     36667.420008     5225.506494          b
3.414214     11052.762527     1338.180529     193.859145     0.500000     418935.000000     50788.510267     6340.141791          b
4.000000     6720.836233     879.653740     180.037125     11.000000     343775.500000     40949.376848     5780.007042          b
5.414214     10254.733970     1300.640004     181.544047     0.500000     421811.000000     53558.937204     6947.401639          b
12.000000     7383.792512     1302.601245     249.458512     5.500000     445753.500000     78755.969711     14389.306452          b
4.000000     8558.982539     1174.959479     200.199160     16.500000     429733.500000     58997.799520     8477.653846          b
3.414214     7869.176412     1032.479470     191.729041     406423.000000     406423.000000     52920.285182     7466.025862          b
17.071068     6067.543940     325.070561     43.946492     8.500000     41717.000000     2042.980340     184.172845          b
15.656854     5129.369075     789.770869     173.691922     12.000000     245403.000000     29883.640417     4811.628049          b
2.000000     7472.314701     347.287994     44.496755     0.000000     46625.500000     2180.495727     203.930222          b
13.414214     7531.187726     296.607488     39.271781     0.500000     50537.500000     2034.729724     183.954428          b
0.000000     4578.246269     256.239422     42.057017     0.000000     37942.000000     1692.991304     172.479759          b
2.000000     3946.852266     200.368716     41.607825     3.000000     32434.500000     1305.419969     148.572828          b
2.000000     8693.365559     341.092943     40.611478     2.000000     47884.000000     2048.314542     168.931553          b
2.000000     6321.117535     322.669430     42.521698     4.000000     39421.500000     2028.255844     187.174672          b
0.000000     7959.704530     378.311488     44.563797     0.000000     44604.000000     2436.481576     201.480788          b
42.384776     9094.995064     345.771232     40.709183     36.500000     66034.500000     2455.419738     201.853120          b
6.828427     8235.836560     325.094457     39.194080     1.000000     45406.000000     1966.103891     164.486145          b
2.000000     2034.476385     140.140293     45.505985     1.000000     8542.500000     492.555851     116.285336          b
6.828427     7462.122591     832.634157     156.929126     2.000000     335978.000000     36255.460083     4693.275862          b
5.414214     2479.377968     154.541481     41.904949     0.500000     10993.500000     577.792282     111.511924          b
2.000000     2818.397302     146.211585     39.282660     2.000000     12033.500000     555.420236     101.274709          b
2.000000     2779.142467     140.526016     39.199637     0.000000     10208.500000     485.306725     96.510340          b
8.828427     2777.970895     140.034980     42.125121     5.000000     10210.500000     473.547565     104.456540          b
2.000000     3286.654221     165.513758     44.511067     38.000000     11448.000000     561.498352     111.224068          b
4.000000     3454.678605     171.730937     40.740393     2.000000     11745.000000     598.349797     102.445524          b
16.242641     2796.255167     157.152078     38.560503     10.500000     11953.500000     591.243327     99.768116          b
3.414214     2779.912021     146.452407     37.896486     421.000000     11954.500000     546.082766     98.235192          b
4.000000     2789.769884     148.873558     37.890471     6.000000     10197.500000     510.348402     92.323427          b
9.414214     2781.242973     143.476910     38.396583     3.500000     12829.500000     565.707259     98.328492          b
2.000000     6502.336672     774.375555     146.413918     0.500000     395622.500000     46306.887790     5934.666667          b
10.242641     4020.207605     182.027895     41.054611     4.500000     14649.000000     757.649442     113.243616          b
43.313708     4852.814812     199.497660     40.587215     106.000000     20551.000000     790.929960     107.109675          b
4.000000     3410.494840     187.484593     42.994065     0.500000     16349.500000     776.596245     119.693767          b
2.000000     3906.509119     206.793961     41.872965     468.500000     17766.500000     833.424036     110.998363          b
0.000000     6535.935855     237.949045     43.028074     0.000000     25794.000000     923.415377     107.494875          b
6.000000     4251.812722     189.626104     41.618986     2.000000     16977.500000     683.265471     103.146314          b
3.414214     4053.663450     171.117829     44.250138     0.500000     14987.000000     640.494348     97.487665          b
11.071068     5128.378298     219.747602     44.446668     1.500000     20809.000000     868.982236     114.281965          b
12.485281     2778.899827     172.335075     38.396728     6.000000     12723.500000     664.114853     100.039482          b
6.828427     3922.325357     175.110444     38.135704     76.000000     15005.000000     653.434888     98.468139          b
3.414214     10850.662024     1226.409301     171.042222     0.500000     416952.500000     47195.637944     5552.818182          b
3.414214     3106.830846     165.626272     39.712424     8.000000     11953.500000     605.526829     101.877879          b
0.000000     2783.627748     138.900877     39.255993     0.000000     10202.500000     481.671116     97.866469          b
2.000000     5713.287023     223.193409     45.029536     444.500000     24248.500000     838.438496     111.142447          b
2.000000     848.849847     54.718440     33.840943     3.500000     3655.500000     134.180846     53.263889          b
4.000000     769.979789     46.756484     29.542701     258.000000     3538.000000     116.967512     44.159121          b
2.000000     769.979789     37.541733     24.668746     3.000000     1626.000000     73.874339     33.092986          b
6.828427     513.913774     34.804596     21.275159     1.000000     1207.500000     70.072854     26.532242          b
0.000000     981.702659     51.955050     34.085231     0.000000     2379.500000     113.616071     52.535905          b
2.000000     634.925967     41.066608     26.951644     111.000000     1433.000000     88.370940     38.207961          b
0.000000     510.256920     34.006401     23.440766     0.000000     1210.500000     71.625550     31.017146          b
2.000000     14762.925534     1176.585406     127.704973     4.500000     370724.000000     29580.967743     2454.551282          b
5.414214     498.256920     36.256520     21.424546     1.500000     1288.000000     78.792391     27.500736          b
4.828427     513.913774     35.719977     21.233859     1.000000     1288.000000     79.281778     27.455621          b
4.000000     634.925967     47.948006     29.165921     21.000000     1433.000000     102.773460     43.380079          b
11.414214     625.612258     39.812315     22.259173     3.500000     1432.000000     84.594209     29.974398          b
37.313708     509.671134     35.412245     20.318755     42.000000     1303.000000     76.386626     26.251894          b
2.000000     525.913774     34.428898     19.162684     3.500000     1345.500000     71.489769     23.655011          b
6.242641     521.671134     29.721564     15.842795     0.500000     1351.000000     58.588189     17.548810          b
2.000000     525.913774     28.992373     15.377576     0.000000     1345.500000     57.054576     16.504971          b
2.000000     315.705624     25.557171     14.923650     0.500000     810.500000     48.198625     15.705635          b
4.000000     343.261973     26.427224     15.815748     1.000000     809.500000     54.863061     18.200484          b
2.828427     13049.513075     1176.744833     137.360321     4.500000     374669.500000     33790.123737     3228.532787          b
2.000000     323.019332     26.743072     17.262196     24.500000     778.000000     53.772130     20.478984          b
2.000000     429.002087     34.020903     19.182629     13.000000     880.500000     70.230635     24.499553          b
2.000000     473.244728     38.541920     23.245137     4.000000     1281.000000     79.639098     31.629061          b
18.485281     680.381810     37.923179     25.323951     9.000000     1476.000000     75.567588     34.396231          b
4.828427     325.261973     26.438049     16.895688     1.000000     779.500000     53.424789     19.833027          b
4.000000     636.925967     43.051941     26.784839     1.000000     1433.000000     94.090892     38.111259          b
3.414214     860.305690     50.823012     34.355651     6.000000     2937.500000     124.532673     51.191690          b
2.000000     709.695519     40.262224     27.656943     1.000000     1544.000000     71.451062     35.223770          b
9.414214     429.688379     33.406330     22.561546     2.500000     667.000000     55.626589     26.261562          b
2.000000     957.418388     53.934192     33.508815     84.500000     3138.500000     132.817067     48.954105          b
7.414214     10177.336999     1322.590103     195.050675     2.500000     419287.000000     54572.534477     7275.758621          b
2.000000     900.832602     47.747452     29.278540     0.000000     1728.000000     85.297938     38.108463          b
2.000000     899.903670     48.763657     27.328426     1.000000     2026.000000     98.219050     36.608385          b
8.000000     775.778778     50.439841     24.805321     2.000000     1990.500000     103.920352     32.858691          b
18.828427     1077.099627     75.481412     32.278764     19.000000     3046.500000     185.609284     52.004854          b
2.000000     2940.404439     108.280500     34.126831     0.000000     10144.000000     315.792941     60.993842          b
8.828427     2927.090731     95.598253     28.135202     3.000000     10129.000000     288.375577     47.076180          b
2.000000     720.849847     45.088103     20.241626     1.000000     1630.000000     81.085985     21.569337          b
2.000000     2920.848090     88.282589     25.360193     0.500000     10132.500000     277.684351     41.022268          b
4.828427     900.489456     56.572924     29.819437     1.000000     1990.000000     123.596518     42.839874          b
4.000000     2958.990225     107.455827     31.606310     3.000000     10164.500000     305.832568     53.586120          b
4.000000     8228.541853     1369.046393     246.178499     1.000000     441326.500000     73522.789933     12618.671429          b
2.000000     969.158504     71.075603     28.123008     9.500000     2333.500000     146.717053     38.957498          b
4.000000     772.121924     49.813421     26.527042     3.000000     1991.500000     103.579243     35.518211          b
4.000000     2720.539434     101.307250     29.812007     4.000000     9357.500000     276.868702     47.765272          b
4.000000     901.518893     69.585735     28.365380     183.500000     2066.500000     143.286896     39.236503          b
6.000000     2917.433877     89.429432     25.499552     2.500000     10144.000000     281.017633     41.489596          b
2.000000     909.661028     64.858739     27.007536     1.500000     1989.000000     132.200237     36.724332          b
12.828427     2661.527242     87.370623     27.342464     7.000000     9733.000000     273.089098     45.131502          b
4.000000     692.867092     43.534294     22.698003     0.000000     2072.000000     105.435730     30.197398          c
6.000000     541.085347     25.745651     16.951271     2.500000     1405.000000     53.355222     17.458116          c
2.000000     237.137083     18.165752     13.559014     0.000000     565.000000     29.488333     12.245564          c
2.000000     396.960457     24.195910     17.107688     7.000000     679.000000     41.842760     18.134969          c
244.936072     2268.851056     71.841987     22.678190     570.000000     5217.000000     181.879479     31.947752          c
8.828427     1116.496596     44.063553     18.926720     2.000000     2038.500000     80.079927     20.207321          c
2.000000     1462.285480     53.831217     19.343160     0.500000     2787.500000     105.495728     20.362777          c
2.828427     1116.496596     37.932149     15.836476     137.000000     2038.500000     67.375690     14.818702          c
8.242641     673.494509     32.792776     16.659788     1.500000     1526.000000     53.347137     15.031002          c
8.242641     479.528999     25.433933     13.136691     4.500000     954.000000     36.879383     10.367647          c
12.828427     17230.360625     456.142150     36.385369     6.000000     152603.500000     4011.085078     158.409932          c
2.000000     557.428493     35.403650     20.629404     1.000000     1766.500000     80.259791     25.446223          c
6.828427     22208.201908     706.316537     43.157171     2.000000     240442.000000     7603.007924     291.178607          c
38.142135     16466.040658     663.016597     47.979718     44.000000     309730.000000     12394.501440     556.855769          c
2.000000     13395.383469     453.085602     45.618707     6.000000     139091.500000     4572.940159     246.204334          c
2.000000     2591.846002     105.647928     34.291592     7.500000     7771.000000     283.392534     54.622716          c
62.970562     957.116872     64.346857     34.080688     69.000000     2869.000000     187.875676     58.574173          c
2.000000     18095.299657     706.047935     66.873841     1.000000     159511.000000     6019.621391     355.047587          c
27.313708     6908.469908     306.329581     60.958237     29.000000     45926.000000     1945.588700     222.651919          c
3.414214     5765.221007     306.289533     63.270672     0.500000     63208.000000     2581.957811     274.803398          c
0.000000     6874.053605     286.621965     56.747241     0.000000     112425.000000     4188.988335     279.952740          c
731.185853     8316.664988     486.973877     66.616366     9212.000000     139245.000000     5722.111389     424.913333          c
4.000000     510.357425     31.122263     18.458880     11.500000     1760.000000     63.385835     20.734643          c
4.000000     14270.631161     709.619381     78.498050     2.500000     268439.000000     13138.176827     824.972554          c
12.242641     16687.350186     839.107792     85.106766     3.500000     289139.000000     14422.178744     832.810474          c
2.000000     13504.925534     758.733206     77.920443     0.000000     324359.000000     18066.153765     1123.385093          c
2.000000     15617.828326     894.590191     77.422714     3.000000     363354.500000     20769.861306     1238.331148          c
13.656854     14059.653454     1026.533225     98.096496     8.000000     419103.500000     30563.630073     2284.278075          c
2.000000     14981.017145     577.702216     54.808041     1436.000000     256749.000000     9725.559553     433.390244          c
15.656854     15911.568440     913.980008     77.747140     13.000000     389370.500000     22366.516170     1330.223510          c
8.000000     10509.381048     364.428925     47.873655     18.000000     180903.500000     5893.636575     269.119324          c
2.000000     10298.638848     477.215514     67.409897     658.500000     69062.000000     3240.967494     297.319426          c
4.000000     2113.571838     96.622872     30.393667     472.500000     10088.000000     497.782483     69.141015          c
2.000000     746.423440     35.502664     20.808652     37.000000     1755.500000     73.816776     25.885513          c
2.000000     2178.123134     100.610004     29.698488     12.000000     10033.000000     486.696653     64.552198          c
2.000000     363.646749     34.380496     24.435657     43.000000     1149.500000     79.282000     34.431923          c
4.000000     362.818321     30.258574     22.895898     3.500000     871.000000     70.791701     31.122486          c
4.000000     207.722869     20.776107     20.474342     16.000000     498.000000     42.018434     24.758669          c
110.325901     3674.651255     106.138602     27.108139     321.500000     14169.500000     419.593181     50.171044          c
0.000000     412.859952     37.301227     25.399875     0.000000     1310.500000     89.770830     35.485901          c
0.000000     437.771639     30.475399     21.071054     0.000000     1207.500000     70.364700     24.657097          c
6.828427     2150.684536     144.612293     45.336000     1.000000     8569.000000     585.196806     112.073558          c
0.000000     2290.123135     86.318952     31.692665     0.000000     5935.500000     199.774045     44.017347          c
4.000000     2475.846004     96.088133     31.474978     7.000000     10226.500000     298.008669     45.732326          c
0.000000     562.641697     31.555846     18.977559     0.000000     1373.000000     66.612474     22.894444          c
10.828427     1516.871267     66.662488     27.633007     5.000000     9684.000000     238.693410     35.327313          c
3.414214     569.026472     40.886137     22.216320     0.500000     905.000000     58.413777     22.815176          c
6.000000     960.271200     39.920866     21.002915     1.500000     1551.500000     59.927135     22.313291          c
2.000000     784.607207     52.955013     24.329115     1.500000     3034.500000     165.060469     39.489735          c
4.828427     590.156415     51.759231     29.494996     13.500000     3033.000000     151.214640     50.605839          c
8.828427     470.801077     42.178706     23.734664     1.500000     1382.000000     115.923221     37.311891          c
0.000000     439.203098     32.310368     18.890834     0.000000     629.500000     52.691007     20.025562          c
2.000000     537.428493     36.066555     20.451708     1.000000     917.500000     60.333123     22.466239          c
10.242641     466.759446     33.336457     18.260449     2.500000     1548.500000     64.276016     19.012626          c
10.242641     591.470124     38.709737     19.578974     2.500000     1370.500000     74.936916     21.577510          c
2.000000     290.634556     30.259306     19.329032     0.500000     824.000000     63.418881     24.369198          c
2.000000     594.884337     37.604208     19.521630     2.000000     1371.000000     70.366262     21.040832          c
4.828427     724.523946     43.763596     21.679321     1.000000     2063.000000     86.720660     24.928797          c
2.000000     344.090400     25.348318     16.208075     0.000000     422.000000     32.889814     13.713879          c
2.828427     994.170695     43.172373     18.648045     9.000000     2022.000000     76.081227     18.523042          c
2.000000     1015.484404     49.314551     21.808763     1.000000     2034.000000     85.909388     23.356681          c
20.485281     1733.121047     60.244262     24.083299     20.000000     5463.000000     145.304992     28.500678          c
10.828427     1649.682449     65.471933     26.609448     1.000000     5485.500000     156.040273     34.528608          c
4.000000     1201.650923     50.835882     23.527544     8.000000     2943.000000     104.434767     29.605614          c
8.828427     832.063050     40.802468     20.300076     2.000000     2616.000000     86.818035     23.897964          c
2.000000     853.033613     43.804257     21.737767     0.000000     2765.000000     93.141509     26.141614          c
4.828427     425.303603     29.594998     18.291547     0.500000     1121.000000     63.856009     22.615385          c
2.000000     1092.496595     58.079465     26.315852     28.000000     4372.500000     134.375993     34.396514          c
2.000000     661.494508     48.500050     23.208688     0.000000     1382.500000     91.539337     28.526497          c
2.000000     601.796024     39.569031     18.889163     2.000000     1199.000000     68.037984     19.690174          c
4.000000     601.796023     40.719922     20.642936     78.000000     1201.500000     70.484057     22.235864          c
127.053823     705.595014     39.253623     20.850850     103.000000     1096.500000     60.914337     21.524748          c
4.000000     707.837655     36.272876     20.043823     0.000000     1097.000000     53.522345     19.721729          c
4.000000     369.747253     26.287839     22.657215     0.000000     895.500000     53.230206     29.125000          c
2.000000     698.080294     37.774272     24.489603     1.000000     2809.500000     108.243241     35.705455          c
2.000000     422.031525     30.710255     23.506679     0.000000     1245.500000     70.724453     32.078593          c
2.000000     1509.574803     75.726709     33.448937     6.000000     5038.000000     219.394835     61.175231          c
26.727922     419.303603     24.458239     16.151443     20.500000     1119.000000     51.008046     18.263029          c
2.000000     1509.332162     46.304292     28.940731     11.000000     3915.000000     106.379977     42.380084          c
4.000000     1532.645870     51.189984     31.943307     4.500000     3976.000000     117.589597     48.876418          c
8.000000     1537.716938     64.139774     34.149547     2.000000     3974.500000     149.745410     55.648543          c
13.656854     1511.574803     45.606037     28.986408     8.000000     3920.500000     101.215538     41.541620          c
7.414214     697.494508     42.982792     25.501107     2.500000     2810.000000     117.037695     38.589529          c
2.000000     450.859952     36.153647     24.542739     2.500000     863.500000     58.302127     29.789756          c
2.000000     440.173660     28.210628     18.930729     3.000000     592.500000     40.035860     18.500000          c
2.000000     440.173660     28.130251     18.565281     0.500000     590.500000     38.820384     17.369935          c
2.000000     774.465071     44.137245     25.584919     11.500000     1341.000000     77.044272     30.702132          c
0.000000     513.144222     37.714582     23.269461     0.000000     1338.000000     62.912672     25.118707          c
2.000000     585.712764     28.828497     18.019148     0.000000     1195.500000     55.184617     20.323529          c
2.000000     513.144222     37.229882     22.530035     0.000000     1339.500000     60.159364     22.674471          c
3.414214     1344.337216     44.363142     21.417352     0.500000     3109.000000     77.532345     20.379806          c
3.414214     1338.094575     45.903222     17.519676     0.500000     3108.500000     76.042572     14.358594          c
4.000000     676.967597     36.039573     20.809158     5.000000     1206.500000     51.693281     20.410988          c
4.000000     1049.501648     38.156583     18.946163     1.000000     954.500000     46.459385     16.342154          c
2.000000     1380.621486     50.828141     20.264555     0.000000     3053.000000     83.651315     18.726272          c
2.000000     371.989895     33.094820     21.833992     0.000000     812.000000     64.997176     25.374172          c
0.000000     747.595014     45.454461     25.367547     0.000000     3446.500000     121.581556     34.589939          c
4.000000     709.269113     53.223725     26.663073     0.000000     2482.000000     124.902496     36.844224          c
3.414214     939.217377     60.166155     28.424620     0.500000     2359.500000     138.010942     40.563068          c
87.597979     764.808217     55.021431     31.131187     132.000000     2845.000000     166.777210     54.585875          d
2.000000     717.452878     65.376234     32.473503     0.000000     4183.500000     232.595684     63.954648          d
0.000000     10183.299544     1090.182854     135.661931     0.000000     440818.500000     47255.051462     5148.773256          d
23.656854     672.381811     59.277321     28.699662     11.000000     2846.000000     189.859016     51.823960          d
2.000000     660.239675     45.025968     25.901815     0.000000     3024.000000     138.306892     42.984926          d
2.000000     619.612258     45.123193     26.481661     316.000000     3023.000000     138.869920     43.892645          d
4.828427     876.482316     44.024295     26.837666     1.000000     7954.500000     255.242070     49.226295          d
10.828427     705.310743     66.516966     34.416335     3.000000     4821.500000     246.675365     69.941050          d
5.414214     280.007140     22.294595     20.894994     1.500000     545.000000     46.294600     27.460133          d
2.000000     249.178713     22.599377     21.527565     64.500000     589.500000     47.117349     29.555755          d
6.828427     134.752307     19.371727     21.305999     2.000000     271.000000     38.044793     28.171186          d
3.414214     212.249780     23.081560     21.571930     2.000000     513.000000     49.014800     31.311388          d
12.242641     801.577769     61.992260     33.980728     6.500000     2702.500000     187.184015     63.208840          d
3.414214     212.249780     21.892327     19.954566     0.500000     513.000000     43.528378     26.295583          d
2.000000     165.338093     18.173647     18.851217     1.000000     292.500000     33.058885     23.795556          d
6.828427     165.338093     19.104299     18.868092     2.000000     417.000000     35.942391     23.798319          d
2.000000     257.663994     20.988805     18.934176     18.000000     583.500000     42.291536     24.201325          d
3.414214     253.663994     20.568704     19.232180     0.500000     584.500000     42.299328     24.564171          d
52.627417     227.965510     21.111373     19.415598     65.000000     417.000000     41.916195     25.419178          d
6.000000     156.852812     23.122375     22.557085     0.000000     313.500000     50.702396     34.857651          d
2.000000     163.338093     21.100589     20.236348     0.500000     417.000000     43.710431     28.039195          d
145.053823     471.386863     28.914112     22.671796     227.000000     1068.000000     55.140753     28.509051          d
2.000000     213.965510     23.519108     20.220374     3.000000     521.000000     39.476293     22.965453          d
5.414214     737.494508     55.120057     29.212343     0.500000     2878.000000     172.184745     49.365237          d
7.656854     472.215290     38.734831     27.690486     2.000000     1357.000000     82.272937     39.844368          d
2.828427     672.867092     44.472992     29.555652     20.500000     1600.500000     95.963953     43.136587          d
2.000000     661.553384     37.962630     26.491995     8.000000     1495.000000     73.166150     34.649348          d
2.000000     379.646749     32.754184     24.218319     0.000000     900.000000     57.279111     29.507864          d
2.000000     641.896530     33.637710     21.699918     3.500000     1428.000000     61.990691     25.068898          d
2.000000     487.185853     29.366761     19.504314     8.500000     1044.500000     50.651320     21.427387          d
2.000000     646.381811     39.551945     25.449344     1.500000     1601.500000     87.105383     35.581409          d
2.000000     377.989895     28.185737     21.066509     2.000000     868.000000     54.723883     25.570960          d
38.041630     308.877197     24.810248     19.498206     36.500000     564.000000     42.959610     22.119965          d
2.000000     211.722869     21.834973     18.248930     6.500000     522.500000     35.203856     19.595369          d
2.000000     737.494508     52.080775     28.405620     2.500000     2878.000000     166.108807     47.176677          d
53.698484     211.722869     20.080428     16.878497     70.500000     325.500000     30.865059     17.043793          d
4.000000     212.308656     19.799107     16.723431     1.000000     327.000000     30.216017     16.713014          d
8.242641     219.622364     19.842947     16.619773     2.500000     345.000000     30.679440     16.749825          d
6.000000     221.622364     18.174519     15.511279     0.000000     338.000000     27.046113     14.931243          d
11.071068     221.379724     17.173557     14.305339     5.500000     340.500000     25.733295     13.178945          d
5.414214     221.379724     16.298326     13.592530     1.500000     340.500000     24.126206     12.178520          d
5.414214     218.551297     17.861033     14.461494     0.500000     359.500000     27.011886     13.585221          d
2.000000     487.185853     29.365838     19.482590     19.000000     1044.500000     50.504696     21.368377          d
40.384776     486.600066     28.636633     19.155683     18.500000     1048.500000     48.950501     20.474730          d
2.000000     485.771639     32.016566     20.673056     3.000000     895.000000     54.874398     23.257481          d
3.414214     680.038665     52.060239     27.898301     0.500000     2839.000000     173.321729     47.417287          d
4.000000     539.428494     35.411513     22.159478     4.000000     1048.000000     65.080279     26.501790          d
21.899495     584.683327     28.786943     18.825431     18.500000     1156.500000     51.708599     21.078592          d
0.000000     220.793937     19.654246     16.723284     0.000000     340.000000     30.932643     17.043810          d
2.000000     290.149275     23.254145     18.069644     7.000000     555.500000     39.230019     19.400499          d
0.000000     676.766587     41.883236     25.411082     0.000000     1600.000000     92.714597     35.670357          d
2.000000     676.281306     42.920683     26.794886     11.500000     1600.000000     92.188699     37.530612          d
6.000000     14392.957060     587.541149     61.901138     53.000000     251692.500000     10159.242324     495.065253          d
2.000000     12524.688826     616.706075     70.270094     2.500000     305264.500000     14703.097076     832.618329          d
2.000000     13250.543728     768.434764     75.082072     0.500000     369649.000000     21410.238143     1305.700337          d
2.000000     12128.546690     540.694525     59.362414     3.000000     170422.500000     7335.552949     465.654247          d
5.414214     755.494509     57.748669     32.057004     1.500000     2321.500000     172.976133     57.478275          d
8.828427     23810.711570     947.149352     61.728374     3.000000     272913.000000     10844.684956     495.931280          d
2.000000     21743.222991     928.019635     63.309403     304645.000000     304645.000000     12979.839463     609.948182          d
2.000000     23985.890284     905.951517     60.621804     4.000000     250498.500000     9431.051618     418.356738          d
4.828427     12692.730459     451.896508     48.541089     8.000000     210731.000000     7271.751968     331.192399          d
25942.643802     25942.643802     902.764229     59.009670     179153.500000     179153.500000     6241.615238     302.608061          d
2.828427     26091.444875     829.670097     56.014184     2.500000     156283.000000     4944.682861     223.676969          d
23195.726733     23195.726733     803.498176     54.277229     230460.000000     230460.000000     7960.596454     336.926014          d
17.071068     13866.055485     502.098528     51.213769     10.500000     230924.500000     8202.308170     370.939470          d
33.313708     10180.541308     324.069017     44.881269     44.000000     113673.000000     3412.237689     184.021720          d
3.414214     29526.400610     1146.027625     67.354946     0.500000     255495.500000     9905.559035     447.129880          d
6.000000     705.653889     66.489750     34.977031     0.000000     4803.000000     244.583362     70.856115          d
8.242641     18602.970791     945.497978     71.424976     1.500000     343672.000000     17427.341292     949.159794          d
2.000000     13907.376328     522.442158     52.092780     25.000000     228066.000000     8338.493615     393.611333          d
2.000000     15084.534829     549.314389     52.032514     60.500000     215967.500000     7688.469928     352.953224          d
14.242641     8484.907629     288.959241     46.806894     3.000000     107190.500000     3301.992991     193.228412          d
2.000000     10068.156532     449.008912     69.376069     93.500000     91760.500000     3542.156339     306.578883          d
39.313708     15694.091179     652.969785     67.085790     29.000000     179356.000000     7175.688071     424.752155          d
4.000000     22760.740674     1022.258987     72.531801     4.000000     329943.500000     14813.491252     712.508081          d
2.000000     19631.490561     1013.557472     85.281659     0.000000     336614.000000     17270.317742     967.758575          d
8.000000     23819.968160     1372.612888     102.878546     0.500000     363357.000000     20941.550028     1253.378333          d
10.000000     13377.073603     899.431203     101.589284     5.500000     302290.000000     17860.450318     1275.784746          d
2.000000     707.896530     68.667835     32.722883     0.000000     4538.000000     242.415590     64.605263          d
2.000000     16202.382590     1003.094955     108.020188     18.000000     241004.500000     13346.414218     972.868644          d
0.000000     11221.717054     509.854212     60.121571     0.000000     217435.000000     8778.198281     488.650706          d
2.000000     15276.405764     771.805090     69.647915     1.500000     336653.000000     16861.372412     924.757538          d
2.000000     16389.010001     864.869591     72.088339     142.000000     360103.500000     18894.353899     1075.224518          d
17.656854     15790.586563     1049.839511     90.541962     11.000000     399247.000000     26555.355844     1813.146667          d
2.000000     12454.650160     993.043271     109.736912     57.000000     404939.500000     32312.387989     2659.679487          d
2.000000     16491.772416     867.712042     73.545769     1.000000     347028.000000     18168.164429     1025.221154          d
8.242641     13146.615669     855.417890     78.197849     3.500000     403386.500000     26255.982345     1750.121277          d
6.000000     10686.845786     982.499315     114.438920     0.000000     431883.000000     39753.294472     3728.153846          d
3.414214     13959.090847     1099.618966     106.382416     419670.500000     419670.500000     33071.800861     2654.515625          d
21.656854     2077.973857     74.824354     28.532046     30.000000     7546.000000     269.939198     52.618718          d
3.414214     15178.866659     1089.351651     98.707946     0.500000     411638.000000     29551.416920     2166.207254          d
4.828427     13035.981116     1178.938479     126.702493     1.500000     425837.000000     38549.641895     3547.764463          d
117.740114     13352.588321     737.760671     70.153922     482.000000     363829.000000     20026.724372     1167.987842          d
0.000000     13245.007586     791.437003     75.618055     0.000000     382808.500000     22794.290535     1421.204626          d
2.000000     10416.603146     949.505998     110.889403     3.000000     431465.500000     39382.372771     3664.731092          d
2.000000     10707.386980     723.198215     74.544844     233.500000     409424.500000     27538.768364     1913.790909          d
2.000000     11102.114901     937.064707     101.500336     3.000000     430040.000000     36341.227504     3128.399281          d
2.000000     11381.210353     934.614978     94.170354     54.000000     432882.500000     35580.001953     2968.568027          d
21.071068     10419.590956     992.319428     110.244551     6.500000     441036.000000     42047.589033     4065.013761          d
2.000000     9389.704531     898.569399     105.398714     1.000000     440400.000000     42177.605791     4117.324074          d

