id/name    minimPerim   maximPerim   deviatiePerim    mediePerim   minimArie   maximArie   deviatieArie    medieArie  tip 
2.000000     4032.569752     138.006945     35.049666     468643.500000     468643.500000     15620.224824     597.462180          a
2.000000     4181.623574     149.828861     37.291764     4.000000     466400.500000     16276.553904     652.070732          a
5.656854     3793.692553     141.561656     37.830269     2.000000     466818.500000     16758.155374     695.647742          a
2.000000     3692.597100     121.802879     30.228605     470193.000000     470193.000000     15166.554646     548.058854          a
2.828427     3851.834689     135.312509     33.075904     2.000000     467082.500000     15927.871368     615.640861          a
4.000000     3595.124010     129.677403     32.072648     2.000000     471124.500000     16523.974926     651.243842          a
5.656854     3778.118960     135.101257     35.296062     2.000000     466056.500000     16043.869254     639.930012          a
5.656854     4071.197167     141.842339     34.234822     2.000000     467802.500000     15861.359739     618.021864          a
4373.145432     4373.145432     155.647729     34.153560     467218.000000     467218.000000     16257.592039     640.966667          a
5.656854     3618.739236     122.460583     29.401312     2.000000     468767.000000     15547.616066     571.008811          a
2.000000     5013.517135     174.190994     43.670419     1.000000     457151.000000     14439.795253     571.533932          a
5.656854     3861.124011     137.704457     32.869454     2.000000     469392.500000     16264.554699     637.403846          a
2.000000     3773.994068     133.633985     31.433048     7.500000     469431.000000     16236.728213     629.223353          a
9.071068     3990.912896     135.637005     29.880427     4.500000     461978.500000     15476.949664     573.332022          a
3.414214     5027.686623     298.575658     60.031862     0.500000     448126.500000     26091.504161     1715.698980          a
3.414214     4226.493629     267.487726     60.871213     0.500000     456600.000000     27892.236416     1917.941948          a
3.414214     4352.192115     262.504128     57.452187     0.500000     456427.500000     26802.704098     1769.392734          a
17.071068     9697.171688     279.047901     36.414804     6.500000     118373.500000     2981.747566     172.092063          a
2.000000     4783.067558     188.448402     29.087535     5.000000     65843.000000     1908.575390     135.422242          a
2.000000     5092.773182     203.778585     29.861210     5.000000     50476.500000     1667.293396     123.998777          a
4.000000     7906.810089     240.035230     30.053916     1.000000     150551.500000     3294.342050     155.293277          a
2.000000     4471.478470     156.662099     42.078090     1.000000     464698.000000     14685.678764     572.329670          a
2.000000     5478.059541     194.198234     30.910623     1.000000     76657.000000     2293.663646     149.853022          a
10.242641     5374.846338     201.411153     30.793478     3.500000     80047.500000     2141.415983     143.977872          a
8.000000     19952.974972     412.180889     29.462980     3.000000     276536.000000     5603.535083     173.998194          a
3.414214     13919.972222     324.380473     30.873988     0.500000     152919.500000     3482.809242     168.563399          a
2.000000     6386.223094     228.571906     30.915094     2.000000     54135.500000     2161.300464     156.602138          a
10.242641     19954.812624     399.816825     27.946764     3.500000     272168.000000     5279.183942     155.852569          a
6.828427     8943.868087     262.688573     29.691435     2.000000     86946.500000     2666.714356     170.453712          a
2.000000     6708.882035     245.690867     28.752602     0.000000     77779.000000     2346.220246     153.627122          a
2.828427     17280.716842     376.077536     28.091787     126.500000     206848.000000     4089.587280     135.807406          a
2.828427     8940.779774     269.414455     29.904678     1076.500000     87299.500000     2276.815225     143.563707          a
2.000000     6007.129395     216.450450     42.799470     24.500000     431959.000000     14581.382007     607.394647          a
2.828427     6880.504399     245.004496     29.255325     17816.000000     77779.000000     2122.846352     136.651522          a
2.828427     8670.747036     226.451558     35.957992     0.000000     437917.500000     10899.436465     346.414188          a
2.000000     8971.222214     262.000147     40.944195     2.000000     402856.500000     10996.123642     398.238273          a
2.000000     11949.300751     351.121269     43.696899     2.000000     386612.000000     10931.683238     411.431709          a
4.000000     11804.330190     363.450996     45.613588     6.500000     407761.000000     11853.941839     461.375105          a
5.414214     11045.313825     325.534453     42.960476     1.500000     430566.500000     11941.884799     429.350884          a
8.828427     9215.028347     244.522685     36.005609     4.000000     428005.000000     10829.880046     351.534869          a
13672.865453     13672.865453     400.353831     44.429162     410936.500000     410936.500000     11701.859097     432.626013          a
2.000000     10529.608199     309.199486     42.439163     3.000000     404242.500000     11306.709494     416.810399          a
2.000000     12084.354574     354.007543     43.555477     1.000000     402268.000000     11354.786994     422.220939          a
4.000000     6167.898946     196.617295     37.930639     1.500000     439697.000000     13854.745494     514.908052          a
2.000000     6153.117534     250.379826     42.371128     135.500000     57002.000000     2828.618879     290.545455          a
6.828427     8157.236494     289.831951     42.952205     3.500000     114187.500000     3942.633802     306.380169          a
2.000000     8305.403015     296.465615     43.961861     0.000000     114293.500000     3834.152745     311.388196          a
10.828427     5280.243303     257.626613     45.374882     2.000000     68031.500000     3038.463374     305.967768          a
5.656854     4484.096994     218.831565     41.597588     0.000000     50782.000000     2430.555524     279.745342          a
4.000000     3163.225728     197.300033     41.778294     2.500000     43793.500000     2546.443526     301.870432          a
32.142135     4827.670587     229.236680     43.732679     28.500000     67957.500000     2901.260320     305.853708          a
4.000000     6542.181462     274.922133     51.008488     1.000000     74762.000000     3080.165986     339.508644          a
2.000000     10943.141370     271.497188     35.182335     2.000000     308209.500000     7185.433668     257.197518          a
2.000000     8919.273946     255.879197     42.881382     537.000000     444120.000000     12413.568397     442.032447          a
30.142135     6140.810634     199.575691     41.641810     37.000000     450463.000000     14237.655829     541.272000          a
5.414214     12340.944537     288.627020     30.736580     0.500000     342246.500000     7545.116301     237.759171          a
16458.936847     16458.936847     341.043296     28.274582     297552.500000     297552.500000     6110.270875     164.727445          a
5.414214     12889.076571     277.389089     28.516489     1.500000     383942.500000     7904.902979     222.478607          a
2.000000     5743.372035     185.399363     39.441291     0.500000     449061.500000     13929.121174     525.866218          a
5.414214     6451.001539     206.251613     41.050285     1.500000     453353.000000     14146.625017     535.959552          a
2.000000     4181.682448     130.123414     31.452698     2.000000     467784.500000     14097.604790     490.120909          a
11.656854     9304.910589     300.664729     45.459785     413122.000000     413122.000000     12970.579832     524.715764          a
2.000000     5124.782075     345.691621     59.455751     477057.000000     477057.000000     30232.786861     2134.921687          b
5.656854     3786.947387     228.250406     42.749605     2.000000     466479.500000     27389.612505     1676.579585          b
3.414214     5962.283725     402.714702     61.295420     0.500000     439321.500000     29414.353473     2062.531532          b
5.656854     6560.131483     429.326273     58.091312     2.000000     442972.500000     28831.437670     1948.704255          b
3.414214     5014.500769     322.597570     51.890582     0.500000     458269.500000     29333.734635     1956.080247          b
5.656854     6676.641150     387.197342     49.245647     0.500000     444933.500000     25728.444235     1545.152685          b
5.656854     5414.993190     377.365587     60.860175     2.000000     449569.000000     31242.179634     2260.575243          b
5.656854     4378.202220     281.136498     47.370240     2.000000     461651.500000     29430.292046     1948.448980          b
5.656854     4761.890599     287.756121     44.218349     2.000000     465886.000000     28040.166438     1742.923636          b
5.656854     5310.622695     332.699922     47.710733     2.000000     460104.500000     28753.546112     1852.517647          b
4.000000     5792.068433     230.171448     28.600832     1.500000     445132.500000     17059.757798     702.761029          b
5.656854     6018.644114     363.990818     52.181801     2.000000     440593.000000     26374.609576     1658.494604          b
2.000000     6836.876651     282.964385     31.208795     2.000000     447650.500000     18023.882163     773.238636          b
2.000000     6842.020872     229.081341     27.819985     1.500000     449957.000000     14478.245286     520.274327          b
2.000000     8055.127638     241.132169     25.779006     17.500000     442910.000000     13072.962049     430.330139          b
2.000000     7650.416963     209.273076     24.603634     2.000000     433366.000000     11620.185527     347.821223          b
2.000000     4440.743410     177.310226     25.283693     465465.000000     465465.000000     16536.443587     635.066919          b
2.000000     4910.189148     198.764239     26.523399     2.000000     463288.000000     16846.320232     663.854497          b
2.000000     7254.998576     284.084370     28.556630     1.500000     443834.500000     17301.720980     703.477930          b
2.000000     4998.705955     197.238779     27.483902     2.000000     451187.500000     16747.625365     670.781379          b
2.828427     6266.491875     217.049063     25.032033     8.000000     447100.000000     15246.182922     556.310827          b
5.656854     7309.033066     239.342247     28.052315     2.000000     425711.500000     13761.918207     487.121339          b
5.414214     6668.516262     430.735331     57.888818     1.500000     448959.000000     28916.443607     1939.264583          b
4.000000     8496.752970     270.400309     26.552695     1.000000     412223.500000     13068.316286     446.678571          b
5.414214     4614.629837     161.750953     25.264132     1.500000     317529.000000     10324.316728     441.731855          b
4.000000     6249.528453     208.067547     23.743095     1.000000     316438.500000     10423.815776     425.850153          b
2.000000     5098.529330     171.828334     24.529570     98939.500000     294806.500000     9730.229957     417.725490          b
2.000000     6276.827881     189.875882     24.869675     0.500000     436242.500000     13029.432583     424.396429          b
2.000000     6196.727375     177.846944     24.661866     0.500000     437346.000000     12360.201429     385.867306          b
2.000000     5294.252200     174.642724     24.184496     8.500000     412303.000000     12621.827933     442.579514          b
2.000000     6083.788339     195.930329     23.560329     2.000000     397576.500000     12172.398701     421.292329          b
5.656854     7340.863581     225.295069     22.295805     2.000000     373006.000000     11318.097546     378.565717          b
5.656854     6953.778233     198.994788     22.379053     1.500000     406950.500000     11552.102793     354.691129          b
5.656854     5720.896862     347.004083     49.569348     2.000000     457700.500000     27647.526444     1738.293040          b
5.656854     7120.096993     187.865971     23.644457     2.000000     420837.500000     11006.054876     318.812115          b
19.656854     8501.948927     219.593920     23.518964     15.000000     409366.500000     10537.786116     297.296419          b
5.656854     5049.894776     128.337266     21.268431     2.000000     457319.000000     10799.754406     292.111483          b
2.000000     5834.134450     157.953329     24.119920     449644.000000     449644.000000     11461.885599     336.081765          b
3.414214     5671.458262     150.949451     25.280160     458966.000000     458966.000000     11431.618584     332.495353          b
2.000000     7051.074697     206.477316     24.853135     0.500000     426297.000000     12352.675895     392.139496          b
5.656854     5318.078540     125.481447     26.418559     2.000000     431715.500000     9864.040523     269.059791          b
2.000000     5583.115117     138.641411     22.612801     2.000000     456826.000000     10571.650216     285.435294          b
2.828427     5625.982209     158.522863     21.770050     2.000000     417261.000000     11345.655141     346.946046          b
2.828427     5896.460350     162.445092     21.256419     2.000000     442374.500000     11888.781009     348.886199          b
5.414214     3910.687502     232.992800     42.361875     1.500000     464858.500000     27484.530960     1692.807018          b
2.000000     5427.097873     168.132683     22.841937     2.000000     443956.500000     12915.276345     419.265427          b
2.000000     5976.249234     187.999044     23.146917     0.500000     344356.500000     10540.455939     389.190585          b
5.656854     4961.260219     119.319274     22.919046     2.000000     454796.500000     10353.027813     271.804404          b
10.000000     5741.278672     127.389494     34.085517     465155.500000     465155.500000     9361.171198     243.270665          b
3.414214     6726.028014     147.413043     31.632751     2.000000     448376.500000     9221.804108     239.109183          b
8623.014067     8623.014067     188.662531     29.152196     423654.000000     423654.000000     9026.281851     236.598547          b
0.000000     8258.379508     180.338286     26.000663     0.000000     400947.500000     8565.977465     223.238128          b
3.414214     6472.280759     143.890165     34.547227     0.500000     464277.000000     9343.927439     243.739465          b
24.242641     7790.566240     172.446111     31.752292     10.500000     433872.500000     9196.080835     244.424944          b
2.000000     9140.459803     204.843041     28.658817     70.500000     410130.000000     9014.233091     239.709763          b
2.000000     4563.145432     269.586166     45.764197     1.500000     455451.000000     26604.653650     1633.272260          b
3.414214     8535.325685     190.939650     27.006959     0.500000     400866.500000     8760.482141     233.584090          b
3.414214     4677.288777     144.244010     27.699281     35.500000     258552.500000     6696.255735     249.226705          b
2.000000     9074.192780     192.078836     31.213668     450213.500000     450213.500000     9222.611843     235.238035          b
5.656854     8167.803827     184.296031     27.940747     2.000000     442220.000000     9800.512637     257.842015          b
2.000000     5133.604573     142.592247     27.136882     307668.000000     307668.000000     7565.610626     265.066131          b
4.828427     5840.697059     152.275893     26.340825     275432.000000     275432.000000     6957.427327     248.001723          b
4.000000     6337.404769     153.717806     26.729653     2.000000     267545.500000     6052.719258     212.238242          b
5.656854     7032.070851     164.251215     26.891565     1.000000     279580.500000     6187.720228     208.415398          b
5.656854     5186.364018     129.730816     25.770752     2.000000     303512.000000     6661.980753     214.684471          b
4.000000     8670.376543     195.381579     26.739263     2.000000     396854.000000     8765.419411     233.772816          b
3.414214     5602.799319     353.021806     54.333144     0.500000     448812.500000     28101.788113     1841.692913          b
4.000000     9033.562396     199.843039     28.669642     4.500000     432892.000000     9362.420931     247.289658          b
4.000000     8851.683115     196.184940     27.093524     432732.500000     432732.500000     9387.378711     243.290725          b
5.656854     9083.832387     200.849839     29.563557     2.000000     448700.000000     9510.948175     246.476854          b
2.000000     9699.018236     213.678767     32.634881     153.500000     427550.000000     9205.808413     248.743043          b
5.656854     9161.052728     203.127688     28.205764     2.000000     426874.000000     9275.738276     244.363014          b
113.012192     7008.267686     159.377826     31.742154     245.500000     417023.500000     8978.764831     250.299306          b
13.414214     12234.763736     306.203877     44.620978     5.000000     439461.500000     10558.234035     333.368360          b
14.828427     9454.199915     247.131027     40.875517     5.000000     437257.000000     10824.359613     350.703738          b
20.828427     9430.158285     258.082133     40.580295     5.000000     432818.500000     11483.794540     387.134155          b
2.000000     7297.806789     186.630517     37.513154     726.000000     453750.500000     10422.308008     309.279947          b
5.656854     5401.253077     377.676510     62.754925     2.000000     449338.000000     31301.462344     2276.163415          b
2.000000     7777.948926     214.381634     38.650574     447412.500000     447412.500000     11415.774895     371.426107          b
5.656854     6896.544820     203.629453     39.791753     2.000000     432791.000000     11660.250382     408.462627          b
2.000000     8150.798775     249.001250     37.463652     4.000000     424228.000000     12225.411779     434.887874          b
8553.918611     8553.918611     228.400402     33.991097     447106.500000     447106.500000     11469.018141     355.481896          b
2.000000     6856.003625     199.485190     31.229932     435620.500000     435620.500000     12148.727353     396.285603          b
5.656854     5577.257251     187.487020     35.205562     2.000000     460707.000000     13866.626896     509.606691          b
4.000000     8894.151148     294.204141     37.916199     1.000000     360330.000000     11142.226657     456.415005          b
5.656854     5417.860282     180.409880     35.016846     2.000000     459859.000000     14216.194362     524.138836          b
4.000000     8285.786579     230.380109     38.574652     63.000000     446226.500000     11733.544880     388.530083          b
5.656854     6939.300089     208.539233     31.238773     2.000000     435369.000000     12503.773485     423.063944          b
5.656854     4586.067225     303.910141     51.676226     2.000000     459355.000000     30219.257171     2068.200000          b
2.000000     8433.200795     257.772203     35.374365     2.000000     431012.000000     12583.320457     440.882779          b
6.000000     9164.376540     268.672414     39.120518     12.500000     435427.000000     12246.789428     428.897547          b
4.000000     8895.006924     261.640505     32.273990     414019.500000     414019.500000     11885.707562     403.323990          b
27.899495     9600.459803     288.542553     35.483066     30.500000     427839.000000     12468.766966     433.593883          b
5.414214     4706.466279     156.186804     32.943245     1.500000     468057.500000     14104.038103     504.600635          b
8759.592711     8759.592711     266.589067     35.568346     428921.000000     428921.000000     12548.454918     440.791096          b
5.656854     6348.242092     211.490054     35.735496     2.000000     456841.000000     14078.216992     522.941706          b
2.000000     14842.374238     313.345046     27.614575     0.500000     394869.500000     7908.209435     204.553536          c
5.656854     9438.290317     165.558234     23.191321     2.000000     440655.500000     7446.090450     159.075671          c
2.000000     15581.966293     277.186231     25.063058     2.000000     337588.500000     5737.831238     142.710143          c
5.414214     15526.971341     260.339854     24.158674     1.500000     408970.500000     6747.758041     144.249320          c
6905.081836     6905.081836     147.387225     17.875665     441859.500000     441859.500000     8645.061433     201.201835          c
7367.380388     7367.380388     122.561021     14.675277     452114.500000     452114.500000     7373.922766     138.439213          c
7696.750002     7696.750002     135.802442     15.456320     425306.000000     425306.000000     7122.411933     142.365088          c
11041.560641     11041.560641     169.573065     15.254240     426832.000000     426832.000000     6479.856047     116.292464          c
5.656854     13696.134566     227.421038     16.569084     2.000000     375886.500000     6183.673199     120.200406          c
15440.264840     15440.264840     232.595638     16.153344     376279.500000     376279.500000     5628.679991     102.812864          c
5.656854     3439.903670     84.720548     12.798982     2.000000     470408.500000     11200.195576     279.756098          c
2.000000     11288.832715     232.546155     26.270250     409567.500000     409567.500000     7763.308455     196.269148          c
5.656854     4307.256042     143.017011     16.244600     2.000000     470642.500000     15524.764330     527.647603          c
5.656854     2998.391916     108.155520     15.907681     2.000000     474376.000000     16310.105079     586.221893          c
5.656854     2924.835567     92.801737     15.401540     2.000000     474692.500000     13461.797415     414.439260          c
5.656854     8591.585571     190.195490     28.638300     429235.500000     429235.500000     9301.020362     245.975810          c
4.000000     8466.597760     188.803932     30.502444     29.000000     435031.000000     9471.335223     257.682551          c
5107.274498     5107.274498     81.192751     9.875767     458121.500000     458121.500000     6437.037637     99.163181          c
11.656854     6833.424981     195.670263     26.229681     6.000000     439617.500000     12293.016914     385.686620          c
2.000000     4822.064259     166.149292     24.793542     1.500000     463266.500000     14661.256714     510.992986          c
5.656854     3132.239676     141.712356     21.060695     2.000000     467629.000000     21081.770577     976.452138          c
886.842707     6112.290864     187.945585     26.272160     10737.000000     424747.000000     12179.277804     400.726376          c
2.000000     14479.310315     277.947645     26.570989     28.500000     377608.500000     7061.366271     177.202094          c
146.710677     3492.489456     125.446535     20.472016     370.000000     471929.000000     14729.053487     492.542398          c
5.656854     3071.771639     114.287345     17.737300     2.000000     467825.500000     17314.740416     660.663237          c
5.656854     5475.975068     173.755640     20.977852     2.000000     413789.500000     12630.688479     423.304186          c
2.000000     4542.993190     138.564600     17.630710     1.500000     438531.000000     13215.953406     415.848182          c
5.656854     3064.658942     86.897832     14.245752     2.000000     474450.500000     13381.764934     389.709395          c
2.000000     5350.713095     150.057957     20.667357     20.000000     426973.000000     11267.701274     328.887535          c
5.656854     3265.151363     87.861919     15.983928     2.000000     473198.000000     12614.878015     352.098506          c
4.828427     6247.570082     168.194817     22.835298     1.000000     403215.000000     10314.079739     302.640942          c
5.656854     7886.392577     206.965249     25.170822     2.000000     409727.000000     10715.187514     310.982204          c
5.656854     5321.881702     234.642406     41.898131     2.000000     246939.500000     7885.893342     401.031966          c
5.414214     12287.048012     235.417879     25.296933     0.500000     419385.500000     7585.906764     176.086601          c
5.656854     6637.841283     217.463302     34.548089     2.000000     371685.500000     11263.340296     421.596789          c
2.000000     8933.094362     260.345604     34.789159     8833.000000     379707.500000     10739.057477     369.688800          c
2.000000     7407.894225     222.845961     38.861795     6888.000000     328430.500000     9143.648512     375.277402          c
2.000000     9460.924872     269.806640     42.380745     99.000000     403150.000000     10691.412015     385.573736          c
5.656854     5731.982209     169.038591     23.225432     2.000000     389049.000000     9669.851465     285.382081          c
14.828427     6993.924542     218.915761     32.212881     6.000000     294052.500000     8117.089919     325.560386          c
4.000000     13428.845243     375.735631     40.190792     44.500000     217438.500000     6082.228591     272.357191          c
4.000000     7604.299212     188.026618     22.435461     449807.000000     449807.000000     10881.659300     301.062902          c
4.000000     4314.625659     108.768847     18.717472     7119.500000     444100.000000     9630.054417     243.887271          c
6599.379176     6599.379176     131.133391     15.530322     442972.000000     442972.000000     8328.931218     176.927411          c
0.000000     15430.174438     324.933357     31.017759     0.000000     339774.000000     6829.779639     191.815397          c
8.828427     7423.490997     138.328156     15.152882     2.000000     430193.000000     7844.443218     160.202195          c
134.669047     8070.411033     153.742816     19.537845     770.500000     359712.000000     6574.499842     150.303172          c
7471.938823     7471.938823     141.749932     20.400365     421223.500000     421223.500000     7345.331133     164.179059          c
4.000000     13824.494952     362.994001     39.755421     1.000000     326094.000000     8309.446041     304.733981          c
8.828427     6806.500226     225.932826     34.438972     3.000000     232046.000000     6520.553830     275.747176          c
2.000000     15313.130722     381.228451     37.098865     6.000000     348763.000000     8530.842743     284.595281          c
78.769552     11743.817562     273.810791     26.707280     250.000000     281695.500000     6324.777175     199.358968          c
2.000000     11849.040869     256.734502     24.854517     20.000000     362621.000000     7567.847014     199.004344          c
2.000000     10998.468151     242.231225     26.284862     411071.000000     411071.000000     8376.927523     218.780033          c
2.000000     12188.513957     254.008332     25.815748     1.500000     417975.500000     8430.320250     210.588176          c
2.000000     13743.136654     242.834123     23.126990     5.500000     391984.000000     6608.140457     148.519444          c
2.000000     12074.791089     235.093423     26.036862     1.500000     427024.000000     8207.636156     193.612343          c
2.000000     9438.175531     183.116867     24.061417     436664.000000     436664.000000     8280.854524     191.384532          c
2.000000     5859.196621     149.957293     19.667497     2.500000     250995.000000     4795.892124     140.498794          c
7.414214     8712.799983     155.569570     17.710763     2.500000     325214.500000     5549.521520     134.380220          c
2.000000     11179.612374     212.264437     18.642557     2.500000     413509.500000     7706.866077     170.456265          c
13.656854     5987.674764     143.119820     18.329920     9.000000     242400.000000     5751.575582     181.488926          c
2.000000     4477.571838     99.049928     17.360447     2.000000     462996.000000     9048.649253     205.636069          c
4.000000     7051.432121     154.509615     19.828147     243.000000     434441.000000     9303.747101     228.009862          c
14.242641     5829.778233     142.721375     20.487541     7.500000     408484.500000     9722.011564     267.745614          c
14.242641     4860.259338     123.742228     19.480242     7.500000     395833.500000     9450.966685     263.962784          c
112.183766     19160.943448     339.916522     24.407928     136.500000     273533.500000     4768.643821     123.511322          c
6536.430031     6536.430031     134.520219     17.809053     417547.500000     417547.500000     8271.661731     193.475529          c
4.000000     6403.771092     137.871760     18.241023     451874.000000     451874.000000     9410.163403     222.084562          c
28.142135     8351.935855     163.430498     18.458807     31.000000     432741.000000     8304.175549     182.222652          c
2.000000     7224.642356     136.171338     17.561195     421124.000000     421124.000000     7612.639180     166.609355          c
2.000000     9829.434537     178.300251     17.447062     416177.000000     416177.000000     7455.257389     155.067394          c
10352.662021     10352.662021     186.245253     17.548262     398250.500000     398250.500000     7065.344622     148.177155          c
5.414214     13694.949920     342.185836     35.030132     1.500000     133591.000000     3774.988462     154.908216          c
4.000000     17202.563387     336.869280     30.478672     1.500000     354941.500000     6869.438769     173.327903          c
12.242641     10236.080408     277.833792     32.587820     5.500000     166105.000000     4314.814175     172.354793          c
14674.543727     14674.543727     284.674764     23.088522     410894.000000     410894.000000     7934.383873     177.964938          c
15.313708     13377.833053     257.235818     24.617400     1.000000     127204.000000     2437.625035     97.153578          c
2.000000     10610.353366     180.854811     24.726736     95.000000     401684.500000     6690.850788     144.197201          c
2.000000     8588.906419     141.682280     21.604643     2.500000     440433.000000     7116.022501     140.251044          c
7470.375331     7470.375331     131.031568     20.512834     424514.500000     424514.500000     7196.362524     151.548036          c
4.000000     9840.463976     160.871787     23.172224     416960.000000     416960.000000     6693.783146     133.503351          c
3.414214     13899.188385     269.804241     27.187602     2.000000     368872.500000     7080.628446     172.711864          c
2.000000     18710.530108     511.020784     53.548073     13.500000     249434.000000     6070.086068     252.589751          c
2.000000     28030.308999     698.457259     53.252135     25.500000     284934.500000     7065.467868     259.974800          c
16474.327889     16474.327889     403.977908     49.565325     379603.500000     379603.500000     8845.123958     311.914951          c
3.414214     12294.386098     294.330279     46.081730     0.500000     378622.500000     8673.023712     288.890871          c
4.000000     8759.295368     254.082087     41.160964     535.500000     251231.500000     5768.317307     229.691968          c
2.000000     13571.333487     241.817424     24.584776     2.000000     414505.000000     7286.715677     163.332509          c
4.000000     9369.167512     213.480575     39.189963     15721.000000     344482.500000     7297.734209     235.216077          c
15.414214     10426.152356     213.286768     35.793513     8.500000     433483.500000     8424.516655     235.047170          c
6.828427     13280.941570     262.982717     32.176699     3.000000     410526.000000     7670.869477     205.955969          c
4.000000     11848.778016     275.233144     43.864782     13.000000     433262.500000     9446.444563     300.421140          c
3.414214     12178.920151     249.240731     35.162275     0.500000     421536.500000     8109.649424     231.393279          c
7.414214     14452.433113     280.028059     32.928752     3.500000     405305.500000     7641.871006     206.146913          c
13470.092935     13470.092935     292.823484     32.308653     363326.000000     363326.000000     7269.192424     207.695496          c
4.000000     10114.529992     222.081363     30.597099     3.000000     436506.500000     9090.485184     263.583513          c
4.000000     9041.548115     198.864798     29.194102     29.500000     417853.000000     8801.268140     252.264264          c
2.828427     6873.054484     151.217248     26.720132     2.000000     418204.000000     8678.959656     235.618115          c
2.000000     6166.183218     230.270517     47.763802     0.500000     454543.000000     16530.726662     721.624503          d
5.656854     5854.845124     234.426357     49.519986     2.000000     452592.000000     17831.521925     819.392691          d
5.656854     3556.472211     118.773222     30.237797     2.000000     472022.500000     15427.167016     554.475936          d
2.000000     5714.075574     232.789737     55.934081     2.000000     457078.000000     17645.999279     838.320896          d
5.656854     5398.002419     225.534596     49.380974     2.000000     455198.000000     18353.575752     862.314332          d
5.656854     4878.372915     200.310147     48.628921     2.000000     462647.500000     17901.139685     821.997001          d
4329.062171     4329.062171     203.444189     51.535410     465052.000000     465052.000000     20107.577158     1020.671348          d
4.000000     4749.561734     193.522618     48.703595     0.500000     463285.000000     18211.900933     847.243808          d
3.414214     2237.370827     104.757067     26.321162     50.500000     23483.000000     691.236720     72.030442          d
12.242641     3613.524278     114.944422     25.009740     3.000000     51534.500000     1246.338988     86.725257          d
23.899495     2671.703869     114.987940     26.151784     18.500000     42026.000000     1339.257361     105.698239          d
8.000000     3798.058329     118.234964     25.706430     7.500000     54679.500000     1299.061228     86.938323          d
5.656854     3880.202220     160.638293     42.770597     2.000000     467724.500000     18068.488136     808.196562          d
35.071068     2591.561733     116.535329     24.300924     13.500000     26651.500000     1000.840063     82.006220          d
2.000000     2817.142465     115.170680     22.539160     6.000000     26877.500000     1068.764648     81.057983          d
13.071068     2590.632801     102.668948     21.913378     4.500000     32976.500000     1139.679833     82.247040          d
4.000000     4376.131485     117.334735     21.751530     113.000000     48986.500000     1324.202470     84.039469          d
3.414214     4527.025927     116.551210     22.111116     4.000000     51469.000000     1294.417276     83.010000          d
3.414214     3792.661362     126.955268     21.387392     0.500000     76198.500000     1837.074424     94.093006          d
2.828427     4947.951892     141.266748     21.212603     2.000000     91064.000000     2053.457423     92.488909          d
5.656854     4144.290865     128.583149     21.943540     2.000000     57251.000000     1597.756108     94.267318          d
4.000000     4532.975945     86.132425     19.797962     470727.500000     470727.500000     8387.020792     174.980629          d
4.000000     5994.006594     108.600223     20.336214     465759.000000     465759.000000     8071.146193     165.820066          d
2.000000     7472.971223     284.778069     53.986810     2.000000     440938.000000     16465.400236     746.652933          d
5.656854     4109.564698     79.700992     18.652147     2.000000     471776.500000     8910.657202     190.374732          d
3954.042839     3954.042839     80.427555     18.996562     471981.000000     471981.000000     9355.442053     207.862618          d
4.828427     5361.541522     110.563249     21.770071     1.000000     466148.000000     9360.143450     216.762001          d
5529.690798     5529.690798     114.363867     23.130304     466583.500000     466583.500000     9285.082833     216.930071          d
5.656854     5203.257251     111.407893     23.514693     2.000000     450973.000000     8983.731047     213.544264          d
6016.651254     6016.651254     119.350843     21.303001     462230.500000     462230.500000     8923.520173     200.306488          d
5.656854     3997.925088     83.721578     18.972114     471703.000000     471703.000000     9634.262802     219.886477          d
5.656854     4655.235831     93.057293     19.435569     2.000000     469864.500000     9172.231390     203.431186          d
4.000000     4855.284601     95.112918     19.640451     7.000000     467752.500000     8856.843391     193.092539          d
5.656854     5192.848090     99.772465     19.663802     2.000000     467899.500000     8592.815219     183.607119          d
2.000000     6686.731547     257.473538     55.322140     2.000000     442010.000000     16494.137929     759.146444          d
5.656854     4734.975946     95.445460     20.924468     9.000000     468085.500000     8855.406081     197.511099          d
2.000000     5931.229901     115.062998     20.921008     465193.500000     465193.500000     8766.113410     193.961279          d
2.000000     5194.303935     103.238800     21.621872     466173.500000     466173.500000     8844.515531     199.172308          d
6354.817775     6354.817775     126.777406     22.809838     461383.500000     461383.500000     8608.313098     195.423224          d
5.656854     7452.066679     142.443165     22.693425     2.000000     456647.500000     8148.924064     180.358439          d
5.414214     9050.435418     167.773540     23.172025     1.500000     443116.000000     7835.534125     173.625547          d
2.000000     9732.214197     180.045925     23.086563     1.500000     443323.000000     7967.953299     176.365751          d
6244.658393     6244.658393     125.125391     21.279355     461204.000000     461204.000000     9029.071560     204.263037          d
6462.890930     6462.890930     132.224468     22.320113     445618.500000     445618.500000     8537.117698     195.044971          d
5.656854     7677.446401     155.075793     22.689588     2.000000     447174.000000     8790.146829     203.632199          d
4.000000     8277.769334     320.541202     57.170027     41.500000     425006.000000     16120.170659     754.252161          d
5.656854     5232.563820     110.311198     20.926428     468341.500000     468341.500000     9648.475313     225.983227          d
39.213203     4513.738357     96.115649     21.077819     73.500000     469644.000000     9294.800258     213.703762          d
4.000000     5078.948596     101.668353     21.674789     1.000000     467984.000000     8917.477760     201.873774          d
5.656854     4532.324145     93.653169     21.404740     2.000000     470308.500000     9246.409042     212.609242          d
4.828427     4075.682449     88.887069     19.799795     1.000000     470988.500000     10036.538644     238.616992          d
5.656854     4031.966720     87.964494     19.818624     2.000000     472142.500000     10065.698249     239.445884          d
5.656854     4221.062173     120.031192     25.711263     2.000000     467929.000000     13002.251982     402.350850          d
5.656854     3655.567663     114.188997     25.608804     2.000000     472263.000000     14443.260425     482.147004          d
5.656854     3662.538225     125.271072     26.234017     2.000000     471907.000000     15826.168556     572.464527          d
5.656854     3508.597100     96.453338     23.101744     2.000000     472816.000000     12617.836009     373.146828          d
2.000000     3729.675308     159.402986     49.035125     470388.000000     470388.000000     18322.390900     854.142857          d
5.656854     3702.462108     106.740618     23.082882     1.000000     470675.500000     13311.953199     411.182546          d
5.656854     3257.938159     106.443307     23.356965     2.000000     473721.500000     15131.620462     517.009704          d
5.656854     3303.536139     104.521091     23.436577     2.000000     473102.500000     14627.305995     486.841627          d
2.000000     3732.538225     106.910350     25.898536     1.500000     471457.000000     12941.702557     400.378959          d
3.414214     3535.342268     105.441051     24.596198     2.000000     471855.000000     13654.694631     435.469405          d
2.000000     3374.589960     102.443690     24.220549     472935.500000     472935.500000     13921.165607     448.970078          d
3.414214     3500.999123     103.393989     24.087821     0.500000     472622.000000     13497.330040     425.359592          d
2.000000     3977.758570     115.623301     25.280939     470226.000000     470226.000000     13246.643677     414.829627          d
5.656854     3719.030647     105.810312     27.548280     2.000000     468363.500000     12535.101493     386.254480          d
5.656854     3414.305690     107.639983     23.637518     2.000000     472680.500000     14586.390438     484.599142          d
5.656854     4640.466280     190.581830     49.177933     2.000000     464888.500000     18303.275000     854.590062          d
5.656854     3176.139170     105.390948     24.105152     2.000000     473487.500000     15385.308616     536.310254          d
2.000000     4043.221552     107.252150     23.888688     2.000000     469733.500000     12020.466537     346.823394          d
2.000000     4189.907844     112.486970     24.743815     0.000000     469992.500000     12151.077820     355.787960          d
5.656854     4501.436843     123.108043     27.410157     2.000000     465968.500000     12215.595940     368.916094          d
5.414214     4194.836776     100.770973     24.977108     1.500000     469628.000000     10965.512452     293.346699          d
5.656854     3537.928054     97.112839     27.017325     2.000000     472415.500000     12620.417612     378.554286          d
5.656854     3383.518893     99.480233     26.213611     1.500000     473303.000000     13522.059733     425.986111          d
5.414214     3690.697606     109.351478     26.116025     0.500000     470967.500000     13572.461911     432.643392          d
2.000000     3318.465071     102.819375     28.793279     1.500000     472716.000000     13854.959951     459.146604          d
5.656854     3431.761533     104.694006     29.324139     2.000000     472727.500000     13680.072482     450.355407          d
6602.322387     6602.322387     263.051987     52.790543     447241.500000     447241.500000     17566.178382     816.976043          d
5.656854     3651.810304     110.409914     30.271017     2.000000     471520.500000     13515.625804     443.974918          d
5.656854     3729.727044     104.282795     28.381774     2.000000     471471.500000     12788.289491     392.751105          d
34.142135     3402.531086     95.597149     26.080092     24.000000     472817.500000     12891.481135     391.612351          d
2.000000     3883.089521     118.126112     25.171122     2.000000     471348.500000     14146.648028     459.279982          d
7.656854     3693.467157     117.791489     28.226068     4.000000     472360.500000     14604.487325     501.824880          d
4328.760655     4328.760655     138.389273     29.523191     468507.500000     468507.500000     14704.770451     513.701183          d
3594.614347     3594.614347     104.135767     26.841390     472392.500000     472392.500000     13403.261461     420.769541          d
5.656854     3571.869179     103.792354     26.197883     2.000000     472145.500000     13477.915860     423.744290          d
5.656854     3195.109733     97.683547     25.963105     2.000000     473197.500000     14132.188687     461.269643          d
3589.300638     3589.300638     118.175943     27.050495     472608.500000     472608.500000     15300.254882     536.767051          d
5.656854     4136.694642     209.542826     56.102835     2.000000     460454.000000     21660.276346     1203.490022          d
5.656854     3341.293497     107.256116     27.682080     473618.000000     473618.000000     14828.489439     509.848381          d
5.656854     3314.121926     109.584065     29.389909     2.000000     472947.000000     15231.359668     542.099688          d
5.656854     3721.609293     110.128857     27.156630     2.000000     471881.500000     13706.965080     440.436655          d
5.656854     3628.354460     106.750341     26.436415     2.000000     472284.500000     13644.077993     434.586048          d
5.656854     3365.234622     103.210580     26.879461     2.000000     473217.000000     14164.339765     466.811659          d
5.656854     3599.383897     106.151166     26.430654     2.000000     472703.500000     13667.595706     435.816736          d
5.656854     3423.134118     105.614815     26.683570     2.000000     473486.500000     14281.628600     472.313297          d
5.656854     3528.187941     113.031697     27.215589     2.000000     472689.500000     14879.832475     509.677083          d
5.656854     3452.146310     113.968351     27.935248     2.000000     472947.000000     15319.069778     538.810924          d
5.656854     3529.543278     114.560566     28.445731     2.000000     472615.000000     15027.078217     522.471154          d

07.500000     14704.770451     513.701183          d
85    3594.614347     3594.614347     104.135767     26.841390     472392.500000     472392.500000     13403.261461     420.769541          d
86    5.656854     3571.869179     103.792354     26.197883     2.000000     472145.500000     13477.915860     423.744290          d
87    5.656854     3195.109733     97.683547     25.963105     2.000000     473197.500000     14132.188687     461.269643          d
88    3589.300638     3589.300638     118.175943     27.050495     472608.500000     472608.500000     15300.254882     536.767051          d
89    5.656854     4136.694642     209.542826     56.102835     2.000000     460454.000000     21660.276346     1203.490022          d
90    5.656854     3341.293497     107.256116     27.682080     473618.000000     473618.000000     14828.489439     509.848381          d
91    5.656854     3314.121926     109.584065     29.389909     2.000000     472947.000000     15231.359668     542.099688          d
92    5.656854     3721.609293     110.128857     27.156630     2.000000     471881.500000     13706.965080     440.436655          d
93    5.656854     3628.354460     106.750341     26.436415     2.000000     472284.500000     13644.077993     434.586048          d
94    5.656854     3365.234622     103.210580     26.879461     2.000000     473217.000000     14164.339765     466.811659          d
95    5.656854     3599.383897     106.151166     26.430654     2.000000     472703.500000     13667.595706     435.816736          d
96    5.656854     3423.134118     105.614815     26.683570     2.000000     473486.500000     14281.628600     472.313297          d
97    5.656854     3528.187941     113.031697     27.215589     2.000000     472689.500000     14879.832475     509.677083          d
98    5.656854     3452.146310     113.968351     27.935248     2.000000     472947.000000     15319.069778     538.810924          d
99    5.656854     3529.543278     114.560566     28.445731     2.000000     472615.000000     15027.078217     522.471154          d

